data	hora	D32	D33	D34	D35	D36	D37	D38	D39	T32	T33	T34	T35	T36	T37	T38	T39
13/08/2015	08:51:12	3.28804062252	10.0735901879	10.0736342805	0.63866384893	0.639534429355	0.638899859962	0.639353614557	0.639276371888	25.4651021957	24.4132137299	24.4191718102	-3.31472992897	-3.31101030111	-3.31407576799	-3.31125557423	-3.31213444471	
13/08/2015	08:51:19	3.28961241288	10.0735721588	10.0735921108	0.639053412447	0.639965748611	0.639323275128	0.639816101815	0.639701976096	25.4608297348	24.410905838	24.4136023521	-3.31556975842	-3.3120033145	-3.31512004137	-3.31234067678	-3.31320911646	
13/08/2015	08:51:26	3.28748559509	10.0735209457	10.073521616	0.63923633332	0.640080099663	0.639433750636	0.639986234612	0.6397873279	25.4572558403	24.4084906578	24.4085812569	-3.31760466099	-3.3142220974	-3.3170118928	-3.31428349018	-3.31497848034	
13/08/2015	08:51:33	3.2878308322	10.0734955653	10.073466081	0.639514450823	0.640398723562	0.639719640091	0.640330755341	0.640152045194	25.4536032677	24.4054460526	24.4014596939	-3.31858962774	-3.31513553858	-3.31830352545	-3.31543207169	-3.31608593464	
13/08/2015	08:51:39	3.28983914248	10.0734283474	10.073390126	0.640234630519	0.641140183131	0.640477648394	0.641107582157	0.64086431266	25.4504346848	24.4004797935	24.3953108788	-3.31879734993	-3.31550687551	-3.31831693649	-3.31552743912	-3.31635504961	
13/08/2015	08:51:46	3.28986453597	10.073478774	10.0734483321	0.640050576518	0.641020661336	0.640272173757	0.640892430064	0.640692686406	25.446574688	24.3964767456	24.3923592567	-3.32166433334	-3.31856817007	-3.32138836384	-3.31871122122	-3.31963092089	
13/08/2015	08:51:53	3.29005340675	10.0734456846	10.0733869951	0.640335941182	0.641306619477	0.640560551089	0.641208809169	0.641009573681	25.442802906	24.3950939178	24.3871545792	-3.32249581814	-3.31951200962	-3.32161694765	-3.31958353519	-3.32022726536	
13/08/2015	08:52:00	3.29040619063	10.0734536013	10.0733740738	0.640934525638	0.641901442601	0.641181553415	0.641821496788	0.641615004347	25.4398655891	24.3932008743	24.3824410439	-3.32258939743	-3.31927865744	-3.32208871841	-3.31964641809	-3.3204638958	
13/08/2015	08:52:07	3.28743234123	10.073459082	10.0733546348	0.641052068362	0.642014893006	0.641246069265	0.641895682732	0.641704684659	25.4364585876	24.3916225433	24.37748909	-3.32329034805	-3.32036793232	-3.32283049822	-3.32027584314	-3.32091957331	
13/08/2015	08:52:14	3.28624562113	10.0733721381	10.0732537352	0.640831370228	0.641806109419	0.641076475297	0.641693129016	0.641492353067	25.4313087463	24.389398098	24.3733739853	-3.32446783781	-3.3214738965	-3.32398742437	-3.32178026438	-3.32251608372	
13/08/2015	08:52:20	3.28654204514	10.0734412845	10.0733101471	0.641010064739	0.641969006631	0.641241465498	0.641871083119	0.641650326716	25.4260754585	24.3868947029	24.3691444397	-3.32605242729	-3.32279264927	-3.32530647516	-3.32285404205	-3.32367151976	
13/08/2015	08:52:27	3.28827207071	10.0733533649	10.0731830832	0.641337003607	0.642257194311	0.641574467949	0.642153013844	0.641956520253	25.4243612289	24.3855690956	24.3625164032	-3.32712560892	-3.3238863945	-3.32675784826	-3.32392722368	-3.32469373941	
13/08/2015	08:52:34	3.28842165078	10.0733870703	10.0732056325	0.641507799446	0.64241899701	0.641707728721	0.64233065866	0.642133840155	25.4221630096	24.3830394745	24.3584728241	-3.32807570696	-3.32468301058	-3.32757472992	-3.32500994205	-3.325715065	
13/08/2015	08:52:41	3.2924546779	10.0733887998	10.0731634758	0.642192525748	0.64319682347	0.64246833514	0.643095760693	0.642893006445	25.4183149338	24.38133955	24.3508243561	-3.3288577199	-3.3252710104	-3.32799941301	-3.3255058527	-3.32626223564	
13/08/2015	08:52:48	3.29144890704	10.0733909927	10.0731489607	0.642005833937	0.642925913455	0.642216030676	0.642802585878	0.64262567563	25.4163146019	24.3793153763	24.3465328217	-3.33011001348	-3.32683980465	-3.32960933447	-3.3267480135	-3.32772910595	
13/08/2015	08:52:55	3.28366000029	10.0733890446	10.0731499751	0.641820982844	0.642739216213	0.642034154214	0.642629538814	0.642421183453	25.413544178	24.3769884109	24.3446040154	-3.32980751991	-3.32620024681	-3.32910239697	-3.32636386156	-3.32721203566	
13/08/2015	08:53:02	3.28391276665	10.0733523024	10.0730948772	0.642367874083	0.643341249109	0.642694144406	0.643272221027	0.643071526884	25.4092001915	24.3749809265	24.3401050568	-3.32946181297	-3.32621246576	-3.32922697067	-3.32670271397	-3.32707077265	
13/08/2015	08:53:08	3.29368829477	10.0732813887	10.0730172884	0.64262825486	0.643533401801	0.642881373145	0.643443253295	0.643279363651	25.4055094719	24.3728613853	24.3370771408	-3.33317756653	-3.32980543375	-3.33266675472	-3.33017349243	-3.33091944456	
13/08/2015	08:53:15	3.29081584201	10.0732914147	10.0730121797	0.642453768975	0.643457459693	0.642692072377	0.643310220414	0.64315735718	25.4028725624	24.3712520599	24.3334126472	-3.33499699831	-3.33128750324	-3.33439409733	-3.3317065239	-3.33259552717	
13/08/2015	08:53:22	3.29169251053	10.0733392221	10.0730305396	0.642828297153	0.643813924247	0.643096086961	0.643652658801	0.643511923987	25.3998327255	24.3703722954	24.3285369873	-3.33467781544	-3.33103984594	-3.33384990692	-3.33112150431	-3.331990242	
13/08/2015	08:53:29	3.27057367466	10.0732849206	10.0729679085	0.641932481238	0.642889191597	0.642216683656	0.642848467083	0.642614249054	25.3955936432	24.3677926064	24.3248224258	-3.33045989275	-3.32678109407	-3.32964241505	-3.32681179047	-3.32780301571	
13/08/2015	08:53:36	3.28881465819	10.0732903122	10.0729671742	0.643314476583	0.644281931022	0.643584464522	0.644175070001	0.644011995205	25.3921413422	24.3649101257	24.321103096	-3.33497196436	-3.33138525486	-3.33416461945	-3.33130329847	-3.33220273256	
13/08/2015	08:53:43	3.29313386461	10.073284252	10.0729384052	0.643368927097	0.64430458847	0.643610567073	0.644221640968	0.644026856126	25.3892087936	24.3633151054	24.3164229393	-3.3370885253	-3.33367556334	-3.33672076464	-3.33385944366	-3.33456456661	
13/08/2015	08:53:49	3.29300821121	10.0732531777	10.0728952388	0.643462081429	0.644483254667	0.643707561749	0.644312053021	0.644106383421	25.3850793839	24.3615579605	24.3130207062	-3.33777040243	-3.3342859149	-3.33736151457	-3.33441853523	-3.3353894949	
13/08/2015	08:53:56	3.29367664703	10.0732858065	10.0729146139	0.643688053525	0.644660593948	0.643959613948	0.644465529571	0.644310909265	25.3805947304	24.3601703644	24.3098306656	-3.33843141794	-3.33502858877	-3.33792060614	-3.33491623402	-3.33585619926	
13/08/2015	08:54:03	3.2934153637	10.0732972016	10.0729040918	0.64379478773	0.644786225361	0.644102035145	0.644660357121	0.644486589361	25.3768754005	24.3583583832	24.3050384521	-3.33938866854	-3.33568930626	-3.33866298199	-3.3358836174	-3.33669096231	
13/08/2015	08:54:10	3.29432456497	10.0732503059	10.0728315638	0.64455788528	0.645505695547	0.644816335237	0.645392935952	0.645241453357	25.3757286072	24.3565225601	24.2997169495	-3.3375954628	-3.33378374577	-3.33693116903	-3.33413124084	-3.33489775658	
13/08/2015	08:54:42	3.29544385505	10.0731957174	10.0727574455	0.644611987658	0.64562365059	0.644851670508	0.645428944928	0.64525931891	25.3644514084	24.3464136124	24.2869281769	-3.34352254868	-3.34016054869	-3.34278672934	-3.34049791098	-3.34092706442	
13/08/2015	08:54:48	3.29571310957	10.0732025623	10.0727488163	0.644728697588	0.645722891806	0.644976368601	0.645581776002	0.64539259957	25.3617596626	24.3456625938	24.2840719223	-3.34410995245	-3.34093183279	-3.34373176098	-3.34095239639	-3.34155529737	
13/08/2015	08:54:55	3.29566553086	10.0731475918	10.0726762914	0.644823904074	0.645829487484	0.645114031373	0.645686282565	0.645508675827	25.3587269783	24.3446683884	24.2806887627	-3.34459334612	-3.34139078856	-3.34425210953	-3.34141135216	-3.34225952625	
13/08/2015	08:55:02	3.29582269466	10.0731664828	10.0726810766	0.645026618235	0.645985034871	0.64529565751	0.645887058477	0.645673051518	25.3564429283	24.343354702	24.2774534225	-3.34502190351	-3.34165990353	-3.34441900253	-3.34171116352	-3.34265112877	
13/08/2015	08:55:09	3.29608568666	10.0731651592	10.0726696332	0.645755102093	0.646731532222	0.64602167741	0.646626517811	0.646425098697	25.3541946411	24.3418836594	24.2746019363	-3.34313005209	-3.33968609571	-3.34244519472	-3.33995193243	-3.3405649662	
13/08/2015	08:55:40	3.29576002684	10.0731635753	10.0725904472	0.64561200233	0.646587928279	0.645851569304	0.64648483497	0.646295930975	25.3421735764	24.3367600441	24.2608499527	-3.34815710783	-3.34463179111	-3.3474111557	-3.34487706423	-3.34553092718	
13/08/2015	08:55:48	3.29658742375	10.0731004326	10.0725230591	0.645590508126	0.646597543293	0.645849744017	0.646436718817	0.646254393608	25.3392267227	24.3346571922	24.2562174797	-3.35023283958	-3.34678918123	-3.35011035204	-3.34694236517	-3.3476883173	
13/08/2015	08:55:56	3.29762851475	10.0731269322	10.0725187306	0.646342577667	0.647304828808	0.646571882266	0.647212509618	0.646977787359	25.3352093697	24.3333411217	24.2507004738	-3.34836632013	-3.34496349096	-3.34760993719	-3.34492236376	-3.3454233408	
13/08/2015	08:56:03	3.29655262671	10.0730924478	10.0724876337	0.64655222155	0.647504268153	0.646830107671	0.647401465481	0.647231331216	25.3295230865	24.3304729462	24.2482829094	-3.34741473198	-3.34401190281	-3.34655612707	-3.34392994642	-3.34464520216	
13/08/2015	08:56:09	3.29626776265	10.0731328645	10.0725328095	0.646099268075	0.647035115872	0.646327630822	0.646996041105	0.646739224302	25.3278565407	24.3287181854	24.2471694946	-3.35032790899	-3.34695577621	-3.34977626801	-3.34691494703	-3.34788560867	
13/08/2015	08:56:11	3.29626776265	10.0731328645	10.0725328095	0.646099268075	0.647035115872	0.646327630822	0.646996041105	0.646739224302	25.3278565407	24.3287181854	24.2471694946	-3.35032790899	-3.34695577621	-3.34977626801	-3.34691494703	-3.34788560867	
13/08/2015	08:57:27	3.2977985892	10.0730224701	10.0723399883	0.647120116628	0.64801511303	0.647356979815	0.647944187059	0.647751609639	25.3057193756	24.3128323555	24.2199921608	-3.35571080446	-3.35235893726	-3.35522025824	-3.35250198841	-3.35322767496	
13/08/2015	08:57:36	3.29797521941	10.0729671059	10.0722746502	0.647248630702	0.648191605343	0.647519471809	0.648052957832	0.647924477466	25.3029203415	24.3112659454	24.2170596123	-3.35595816374	-3.35240215063	-3.35532456636	-3.35249394178	-3.35335254669	
13/08/2015	08:57:45	3.2970982962	10.0729672472	10.0722725124	0.647329961885	0.648178515405	0.64749890719	0.648030091232	0.647909623821	25.2992296219	24.3092155457	24.2146897316	-3.35623383522	-3.35300475359	-3.35607022047	-3.35318863392	-3.35401624441	
13/08/2015	08:57:53	3.29781856252	10.0729549732	10.0722477194	0.647468872534	0.648333511929	0.647658700082	0.648233126131	0.648078186871	25.2965307236	24.3075489998	24.2113089561	-3.35717856884	-3.35388809443	-3.35668802261	-3.35386782885	-3.35475683212	
13/08/2015	08:58:04	3.30379898766	10.0730055066	10.0722916347	0.647741553972	0.648618280985	0.647962730281	0.648471162686	0.648381927718	25.294110775	24.3035435677	24.2063832283	-3.3606249094	-3.35691541433	-3.35987895727	-3.35734456778	-3.35826426744	
13/08/2015	08:59:56	3.2986378393	10.0728303262	10.0720451426	0.649091193866	0.649987896054	0.649294469727	0.649852802903	0.649722675917	25.2618336678	24.2845320702	24.1775512695	-3.36234122515	-3.35855007172	-3.36169749498	-3.35892826319	-3.35985809565	
13/08/2015	09:00:05	3.29912180914	10.072845888	10.0720588779	0.649127588249	0.65002729988	0.649347495566	0.649916974349	0.649793049933	25.2599787712	24.2828917503	24.1756534576	-3.36350381374	-3.35988610983	-3.36290091276	-3.35992723703	-3.36086720228	
13/08/2015	09:00:13	3.30010855707	10.0727723499	10.0719773862	0.648929836403	0.649854461411	0.649205136323	0.649716266782	0.649577414786	25.2579069138	24.2817020416	24.1733717918	-3.36398541927	-3.36043953896	-3.36303532124	-3.36023509502	-3.36107313633	
13/08/2015	09:00:22	3.29900370031	10.0728079211	10.0719963198	0.649311226822	0.650237919674	0.649552962146	0.650128539356	0.650001656213	25.2562475204	24.2804503441	24.1698408127	-3.36316287518	-3.3600050211	-3.36282551289	-3.35983127356	-3.36060792208	
13/08/2015	09:00:31	3.29983648565	10.0727918286	10.0719755023	0.649538431703	0.650455589127	0.649812011368	0.65034415742	0.65015777945	25.2546906471	24.2789101601	24.1676473618	-3.36249560118	-3.35908234119	-3.36198449135	-3.35929691792	-3.36004287004	
13/08/2015	09:00:39	3.30035323949	10.0727513981	10.0719337771	0.649658842721	0.650583199171	0.649886656327	0.650450423126	0.650305645732	25.2529025078	24.2775583267	24.1661119461	-3.36299210787	-3.35939526558	-3.36233824492	-3.35944622755	-3.36031496525	
13/08/2015	09:00:48	3.29972631717	10.0727923835	10.0719669413	0.649498971855	0.650440330331	0.649705636457	0.650305144104	0.650102902813	25.2494287491	24.2767834663	24.1642642021	-3.3649712801	-3.36149692535	-3.36458295584	-3.36147636175	-3.36231440306	
13/08/2015	09:00:56	3.29862841924	10.0727853874	10.0719570671	0.649098823045	0.650043207611	0.64930331039	0.649908240408	0.649720323731	25.2465891838	24.2758321762	24.162914753	-3.36642920971	-3.36275041103	-3.36563229561	-3.36277097464	-3.36360871792	
13/08/2015	09:01:05	3.29952178067	10.0727261194	10.0718908772	0.649235331839	0.650166371515	0.64942768667	0.650002751907	0.649833167315	25.2449655533	24.2747688293	24.160900116	-3.36658596992	-3.3630913496	-3.36581975222	-3.36311161518	-3.3639395237	
13/08/2015	09:02:12	3.29945703543	10.0727139572	10.0718438478	0.649613392031	0.650612320493	0.649909527836	0.650521634621	0.650337779909	25.2276062965	24.2663764954	24.1476964951	-3.3686336875	-3.36520016193	-3.36813300848	-3.36546570063	-3.36630374193	
13/08/2015	09:02:21	3.29902676157	10.0726973381	10.0718185902	0.649702931892	0.650667823086	0.649943454339	0.650554139727	0.650326387347	25.2257657051	24.2652821541	24.1454148293	-3.36887001991	-3.3655795455	-3.36868613958	-3.36576342583	-3.36641728878	
13/08/2015	09:02:30	3.29850569815	10.0726843072	10.0718012707	0.64975502593	0.650707878274	0.649958229386	0.650544853217	0.650387967404	25.2233123779	24.2644166946	24.1439580917	-3.36875528097	-3.36589396	-3.36847931147	-3.36603701115	-3.36654812098	
13/08/2015	09:02:56	3.29821231365	10.0727095736	10.0718186934	0.649936147674	0.650932385633	0.650153691599	0.650750764512	0.650568339484	25.2179074287	24.2622804642	24.1407370567	-3.36983501911	-3.36628913879	-3.36918115616	-3.36638122797	-3.3671066165	
13/08/2015	09:03:05	3.29940940612	10.0726281189	10.0717393178	0.649971921874	0.65099893338	0.650258499137	0.650836349216	0.650667543204	25.2153086662	24.2607903481	24.1395235062	-3.36993962526	-3.366792202	-3.3695718646	-3.36700677872	-3.36759954691	
13/08/2015	09:03:14	3.30012767836	10.072659934	10.0717671535	0.650044264133	0.651079675269	0.650372119379	0.650940370491	0.650774144443	25.2130436897	24.2596745491	24.1378569603	-3.37042093277	-3.36730420589	-3.37010413408	-3.36728364229	-3.36796849966	
13/08/2015	09:06:28	3.29155129997	10.0723689149	10.0719251656	0.645077376208	0.646107873445	0.645348770758	0.645953190592	0.645765427174	25.2070617676	24.2488527298	24.1883587837	-3.34602564573	-3.34236741066	-3.34548413754	-3.34253072739	-3.34339946508	
13/08/2015	09:06:35	3.29240995681	10.0724734139	10.0720362292	0.645916885687	0.646870747593	0.646167096154	0.64675200521	0.646603607554	25.2085232735	24.2534804344	24.1938948631	-3.34615647793	-3.34271281958	-3.34549248219	-3.34309101105	-3.34367334843	
13/08/2015	09:06:42	3.29354661626	10.072536584	10.072087392	0.645883292016	0.64686371298	0.646143331637	0.646783365063	0.646617943455	25.207798481	24.2546868324	24.1934657097	-3.34969550371	-3.34624171257	-3.34894955158	-3.3461394906	-3.34697753191	
13/08/2015	09:13:53	3.30138546044	10.0724304657	10.0715379828	0.651472299872	0.652433326345	0.651738405937	0.652390949298	0.652201786348	25.1305484772	24.2224550247	24.1004729271	-3.37690770626	-3.37366819382	-3.37652951479	-3.37378054857	-3.37438344955	
13/08/2015	09:14:00	3.30163465302	10.0724633922	10.071571191	0.65152096726	0.652494017045	0.651721152968	0.652385556198	0.652203196185	25.1298499107	24.2223978043	24.1004538536	-3.37730318308	-3.37401270866	-3.37685346603	-3.37402284145	-3.374748528	
13/08/2015	09:14:07	3.30144939824	10.0723280188	10.0714368422	0.651502909686	0.652444843602	0.651802889065	0.652322929896	0.652155656733	25.1287865639	24.2214775085	24.0996694565	-3.37737560272	-3.37400346994	-3.37682396173	-3.37417721748	-3.37504565716	
13/08/2015	09:18:33	3.30151470324	10.0723186579	10.0713263664	0.652943119642	0.653959796677	0.653247433461	0.653829941442	0.653644989407	25.1006364822	24.2159152031	24.0802097321	-3.3784776926	-3.37530970573	-3.37796658278	-3.37513595819	-3.37614774704	
13/08/2015	09:18:40	3.30204583133	10.0723856215	10.0713919809	0.652381619622	0.653338632721	0.652657659252	0.653273421626	0.653009338086	25.0997066498	24.2158222198	24.0799307823	-3.3815190196	-3.37828993797	-3.38108986616	-3.37835133076	-3.37909728289	
13/08/2015	09:18:47	3.3016257278	10.0723650191	10.0713686355	0.652407805087	0.653318758832	0.652609026646	0.653223915841	0.653034633665	25.099093914	24.2157411575	24.0794730186	-3.38143736124	-3.37840229273	-3.38118195534	-3.37827980518	-3.37924033403	
13/08/2015	09:18:54	3.30123960941	10.072413776	10.0714152321	0.652441160303	0.65339026821	0.652649145991	0.653257167078	0.653103350163	25.0988292694	24.2158937454	24.0793299675	-3.38139057159	-3.37821245193	-3.38085919619	-3.37820231915	-3.37890744209	
13/08/2015	09:19:01	3.30118804295	10.0723464276	10.0713481751	0.652428854456	0.653385825163	0.652672141254	0.653313853404	0.653110748543	25.0982570648	24.2159342766	24.0794110298	-3.38150054216	-3.37788313627	-3.38068306446	-3.37821006775	-3.3788844943	
13/08/2015	09:19:07	3.30102881851	10.072360675	10.0713624986	0.652408208456	0.653372400779	0.652615812346	0.653172128776	0.653105197654	25.09775877	24.215798378	24.079284668	-3.38147938251	-3.37845474482	-3.38087648153	-3.37812751532	-3.3790075779	
13/08/2015	09:19:14	3.30094342392	10.0723783841	10.071375443	0.652434823658	0.653370212543	0.65260454573	0.653286725323	0.653100029403	25.0972867012	24.2158746719	24.078707695	-3.38166832924	-3.37823480368	-3.38125944138	-3.37831646204	-3.37900102139	
13/08/2015	09:19:21	3.30137057007	10.0723761199	10.0713754982	0.652896952133	0.653824275963	0.653122492202	0.653719334333	0.653488165972	25.0963401794	24.215695858	24.0788459778	-3.38063120842	-3.37721824646	-3.38032454252	-3.37711602449	-3.37828099728	
13/08/2015	09:19:28	3.30191733407	10.0723828337	10.0713809951	0.652913893209	0.653882532278	0.653167052697	0.653879466206	0.65358732673	25.09578228	24.2160916328	24.0790772438	-3.38049501181	-3.37753146887	-3.37998390198	-3.37733715773	-3.37820589542	
13/08/2015	09:19:35	3.3014012452	10.0724116346	10.0714103925	0.652479937161	0.653483094627	0.652710747588	0.653353566606	0.653222470585	25.0954723358	24.215991497	24.0790581703	-3.38177800179	-3.37877362967	-3.38131815195	-3.37866127491	-3.37940722704	
13/08/2015	09:19:42	3.30181314336	10.0724131645	10.0714055234	0.652847764171	0.653810865476	0.653103112496	0.653659761729	0.653544583068	25.0949311256	24.2160701752	24.0782594681	-3.38162571192	-3.37839663029	-3.38115572929	-3.37845802307	-3.37912201881	
13/08/2015	09:19:49	3.30171653879	10.0723510865	10.0713456051	0.652541744683	0.653467361402	0.652763001993	0.653366756087	0.653205521353	25.0942540169	24.2159199715	24.0784049034	-3.38211894035	-3.37876707315	-3.38178157806	-3.37870568037	-3.37956428528	
13/08/2015	09:19:56	3.30129579891	10.0724255599	10.0714158681	0.652581372514	0.653474007287	0.652748519562	0.653399570463	0.65317077152	25.0938272476	24.2164611816	24.0783715248	-3.38161468506	-3.37821155787	-3.38110357523	-3.37845683098	-3.37930500507	
13/08/2015	09:20:02	3.30155854322	10.0723525469	10.0713449651	0.65255802567	0.653479147984	0.652793232189	0.653431168785	0.653221424808	25.0933027267	24.2162489891	24.0784478188	-3.38204920292	-3.37861567736	-3.38163018227	-3.37883025408	-3.37941259146	
13/08/2015	09:20:09	3.30157343661	10.0724192138	10.0714103599	0.652986866373	0.653958151522	0.653205156334	0.653806702793	0.653631485194	25.0925040245	24.216375351	24.078400135	-3.38059067726	-3.37735116482	-3.3804577589	-3.37773948908	-3.37827086449	
13/08/2015	09:20:16	3.30076276708	10.0723988822	10.071389966	0.652502767927	0.653416569433	0.652721887727	0.653360370202	0.653129612942	25.0917363167	24.2162013054	24.0782165527	-3.3817499876	-3.37886840105	-3.38139235973	-3.37869465351	-3.37916463614	
13/08/2015	09:20:23	3.30107347442	10.0723382032	10.0713233919	0.652570604815	0.653536013181	0.652826612541	0.65339676407	0.653211436665	25.0912475586	24.2162418365	24.0774488449	-3.38154315948	-3.37835490704	-3.38118553162	-3.37834477425	-3.3792746067	
13/08/2015	09:20:30	3.30150209593	10.0723282819	10.0713140174	0.652601531457	0.653566163257	0.652888424978	0.653447115596	0.653185327947	25.0907373428	24.2160582542	24.0773391724	-3.38163405657	-3.37868064642	-3.38169515133	-3.37861955166	-3.37942659855	
13/08/2015	09:20:37	3.30136897597	10.0723847296	10.0713703967	0.652655109384	0.653601854912	0.652867867419	0.653505751378	0.653267901758	25.0910925865	24.2157006264	24.0769696236	-3.38131666183	-3.37808728218	-3.38090777397	-3.37809771299	-3.37878227234	
13/08/2015	09:20:44	3.30123327137	10.0724043014	10.0713847174	0.65252820156	0.653540757358	0.652793270572	0.653392949182	0.653238188567	25.0892424583	24.2161607742	24.0767121315	-3.38214248419	-3.37896436453	-3.3815702796	-3.37888270617	-3.37980240583	
13/08/2015	09:20:50	3.30152370249	10.0723508496	10.0713332406	0.652611685192	0.653531752769	0.65285809062	0.653417585399	0.653254664354	25.0883436203	24.2154979706	24.0763163567	-3.38242918253	-3.37918967009	-3.38181585073	-3.37927132845	-3.37980270386	
13/08/2015	09:20:57	3.30161922456	10.0723251348	10.0713031973	0.652590777274	0.653585495359	0.652819460534	0.653520943524	0.653281610521	25.087788105	24.2158889771	24.0761160851	-3.38243722916	-3.37900370359	-3.38157892227	-3.37917745113	-3.37996423244	
13/08/2015	09:21:04	3.30216591408	10.0724258825	10.0714001152	0.652718599735	0.653639492167	0.652980095787	0.653571486747	0.653346588862	25.0875520706	24.2161154747	24.0758180618	-3.38234186172	-3.37924569845	-3.3818718791	-3.37916374207	-3.37997108698	
13/08/2015	09:21:11	3.3015154827	10.0724215903	10.071393382	0.652973182615	0.653944507757	0.65320685136	0.653835447483	0.653612796669	25.087492466	24.2159199715	24.0752863884	-3.38172852993	-3.37887734175	-3.38140159845	-3.37877511978	-3.37962329388	
13/08/2015	09:21:18	3.30190630976	10.0723311221	10.0713045671	0.652672209974	0.653638827651	0.652851763938	0.653516369125	0.653354920955	25.0864815712	24.2157959938	24.0753889084	-3.3827534318	-3.37941199541	-3.38226318359	-3.37948352098	-3.3802908659	
13/08/2015	09:21:25	3.30151076038	10.0723584457	10.0713368171	0.652633766434	0.653585501289	0.652846306219	0.653513984074	0.653311261419	25.086607933	24.2156243324	24.0758919716	-3.38232785463	-3.37926208973	-3.38187813759	-3.37928265333	-3.38002860546	
13/08/2015	09:21:32	3.30126523248	10.0724129112	10.071387367	0.652447151456	0.653413171156	0.652822172858	0.65350548503	0.653267855569	25.0858449936	24.2161655426	24.0758991241	-3.38379859924	-3.37919354439	-3.38182985783	-3.37947964668	-3.38020533323	
13/08/2015	09:21:39	3.30158571774	10.0723767319	10.0713501793	0.653045283607	0.654015405053	0.653287407173	0.653966552808	0.653668059468	25.0851798058	24.2157793045	24.0753722191	-3.38130295277	-3.37823718786	-3.38065892458	-3.37828814983	-3.37873786688	
13/08/2015	09:21:46	3.30129999557	10.0723838564	10.071355117	0.652659931217	0.653625568175	0.652889929283	0.65340359927	0.653300882342	25.0848793983	24.2161011696	24.0753960609	-3.38254421949	-3.37901890278	-3.38192105293	-3.37922304869	-3.37991803885	
13/08/2015	09:21:52	3.30181864269	10.0723653	10.0713395394	0.652632556928	0.653630895352	0.652873529324	0.653532701137	0.653289305588	25.0838112831	24.216299057	24.0760040283	-3.38292866945	-3.3797711134	-3.38243812323	-3.37978124619	-3.38057845831	
13/08/2015	09:21:59	3.30187390124	10.0723711474	10.0713471125	0.652646391074	0.653662235638	0.652888296044	0.653541866227	0.653345565186	25.0834822655	24.2161870003	24.076128006	-3.38265776634	-3.37934672832	-3.38197290897	-3.3794182539	-3.38021546602	
13/08/2015	09:22:06	3.3017108967	10.0724167843	10.071392803	0.653028674262	0.653999781477	0.653288631043	0.653870685143	0.653678664534	25.0834441185	24.2165637016	24.0765142441	-3.38176965714	-3.37887763977	-3.38139146566	-3.37885737419	-3.37968498468	
13/08/2015	09:22:13	3.3016351471	10.0724586965	10.0714325506	0.652622579446	0.6536469382	0.652820739581	0.653528436014	0.653336683846	25.0834417343	24.2164325714	24.0760850906	-3.38285982609	-3.37958961725	-3.38239997625	-3.37963074446	-3.38051974773	
13/08/2015	09:22:20	3.30175288705	10.0724155873	10.0713854788	0.652756247896	0.653760790588	0.652996064559	0.653590369895	0.653399326465	25.0837826729	24.2167901993	24.0759015083	-3.381947577	-3.37880015373	-3.38162064552	-3.37869793177	-3.3797198534	
13/08/2015	09:22:27	3.30180771079	10.072413996	10.0713862955	0.65298776942	0.653933738442	0.653227034784	0.653853606488	0.653679862118	25.0838136673	24.2165732384	24.0760135651	-3.38215768337	-3.37916344404	-3.38173866272	-3.37910205126	-3.37990939617	
13/08/2015	09:22:34	3.30187563525	10.0723862087	10.0713617751	0.652657610932	0.653677138195	0.652909620136	0.653532836115	0.653345088643	25.083489418	24.2165517807	24.0764403343	-3.3827021718	-3.37930947542	-3.38198691607	-3.37949335575	-3.38037222624	
13/08/2015	09:22:41	3.30187579769	10.0723864192	10.0713604951	0.652784348738	0.653774014991	0.653040300688	0.653669333766	0.653447459299	25.0833797455	24.2168402672	24.076526165	-3.38194519281	-3.37870568037	-3.38157713413	-3.37903261185	-3.37964594364	
13/08/2015	09:22:47	3.30162534152	10.0724393803	10.0714156788	0.652718343955	0.653672663971	0.652904600529	0.65357063036	0.653341450301	25.0836658478	24.2169165611	24.0769076347	-3.38280826807	-3.37946653366	-3.38204175234	-3.37951779366	-3.38029444218	
13/08/2015	09:22:54	3.30174714583	10.0724269686	10.0714031217	0.653081259172	0.654084034278	0.653308610373	0.653894466008	0.653702767413	25.0834751129	24.217042923	24.0770149231	-3.38219434023	-3.37911844254	-3.38184684515	-3.37887316942	-3.37977230549	
13/08/2015	09:23:01	3.3016825928	10.072465944	10.0714409522	0.652711934703	0.653666418274	0.652867058981	0.653546758201	0.653384656483	25.083193779	24.217031002	24.0768456459	-3.38291585445	-3.37960481644	-3.38245600462	-3.37980926037	-3.38049411774	
13/08/2015	09:23:12	3.3014866489	10.0724487161	10.0714255254	0.652663887063	0.653701409666	0.652926145053	0.653582196581	0.65329785414	25.0829696655	24.2171502113	24.0772128105	-3.38269263506	-3.37959617376	-3.38236540556	-3.37950408459	-3.38030129671	
13/08/2015	09:23:19	3.30083367633	10.072352986	10.0713297253	0.652717752184	0.653606037528	0.652879350758	0.653532539336	0.653336728106	25.0826644897	24.2170882225	24.0771412849	-3.38232845068	-3.37926268578	-3.38192969561	-3.37930351496	-3.38019251823	
13/08/2015	09:23:43	6.67927497011	10.0492024723	10.048162296	5.31098803315	5.31144557406	5.31109372872	5.31138775132	5.31131162826	25.0821733475	24.2174267769	24.0769982338	-3.38314682245	-3.37976425886	-3.38237017393	-3.37980508804	-3.38068395853	
13/08/2015	09:23:50	6.67947684568	10.0492131183	10.0481759558	5.31117878785	5.31164758162	5.31129489853	5.3116274498	5.31150714235	25.0823760033	24.2173671722	24.0773463249	-3.38235139847	-3.37913244963	-3.38177919388	-3.37924480438	-3.37980687618	
13/08/2015	09:23:57	6.67940699582	10.0492063319	10.0481637317	5.31095137064	5.31145769098	5.31107670291	5.31137643749	5.31130177269	25.0820851326	24.2176866531	24.0769314766	-3.38314265013	-3.37996482849	-3.38274419308	-3.37989330292	-3.38046550751	
13/08/2015	09:24:04	6.67941812033	10.0492118316	10.0481648193	5.31089497571	5.31138654	5.31100944985	5.31130904755	5.31124539407	25.0821733475	24.2182970047	24.0769481659	-3.38422596455	-3.38081270456	-3.38354110718	-3.38124185801	-3.38174253702	
13/08/2015	09:30:31	6.58132551936	9.97618093521	9.97618497204	5.29735468886	5.29783404372	5.29745609488	5.2978028936	5.29773491013	5.41983460617	5.25020741653	5.22165154648	-0.272022433758	-0.27142561245	-0.271940656185	-0.271419532776	-0.271562583923	
13/08/2015	09:30:38	6.58111466775	9.97615042959	9.97615446757	5.29736352047	5.29784172784	5.29746185549	5.29780532251	5.29767738518	5.41972111893	5.25022839737	5.22166251373	-0.271940298557	-0.271316953182	-0.27188105154	-0.271286316395	-0.271494753838	
13/08/2015	09:30:45	6.58123530561	9.97616591555	9.97616995374	5.29734301016	5.2978138067	5.29748479292	5.29779007409	5.29767650105	5.41990899277	5.25028418732	5.2217121048	-0.272040195942	-0.27137184906	-0.271946199417	-0.271412737846	-0.271574206829	
13/08/2015	09:30:51	6.58094388656	9.97614412605	9.97614814893	5.29735794437	5.29783096191	5.29749342655	5.29780196732	5.29770623198	5.41980981064	5.25029753876	5.22182749939	-0.271919317722	-0.271300025463	-0.2718048172	-0.271314330578	-0.271390922546	
13/08/2015	09:30:58	6.5810016944	9.97614411962	9.97614814815	5.29755167208	5.29805276346	5.29767284749	5.29800891328	5.29790178429	5.41983555984	5.25034522247	5.2218327446	-0.271744199276	-0.271143324852	-0.271684952259	-0.271057494164	-0.271282322884	
13/08/2015	09:31:05	6.58135996162	9.97615379759	9.97615781657	5.29735242424	5.29783554152	5.29747417093	5.29779921506	5.29771562044	5.41981744003	5.25038575363	5.22193431091	-0.272087104797	-0.271375902176	-0.271890886307	-0.271377928734	-0.271502621651	
13/08/2015	09:31:12	6.5812267163	9.9761489519	9.97615298839	5.29734380952	5.29783338793	5.29744196987	5.29777835084	5.29768430429	5.41984318924	5.25041531754	5.22184275818	-0.272062130451	-0.271428533077	-0.271941550255	-0.271408088684	-0.271510251045	
13/08/2015	09:31:19	6.58109121567	9.97618281726	9.97618685808	5.29732701126	5.29784561171	5.29744713483	5.29775954717	5.29767501652	5.41994570923	5.25061320496	5.22199391556	-0.271960146904	-0.271320410252	-0.27190286684	-0.271330602646	-0.271492071629	
13/08/2015	09:31:26	6.5811309012	9.97612615491	9.9761302156	5.29736722182	5.29784744531	5.29746236868	5.29776452426	5.29767809357	5.4199209137	5.25071953964	5.22195576859	-0.271925337791	-0.27128971386	-0.271835453987	-0.271308131695	-0.271516628742	
13/08/2015	09:31:33	6.58100480714	9.97613681495	9.97614085751	5.29753965313	5.29805715525	5.29766400592	5.29798150182	5.29790318294	5.41995000076	5.25065802765	5.22202252579	-0.271696336746	-0.271036215305	-0.27165544796	-0.271056659698	-0.271211989403	
13/08/2015	09:31:39	6.58103508627	9.97615568461	9.9761597114	5.29732735529	5.29783446196	5.29744940955	5.29777549197	5.29768371447	5.4200005455	5.25075482559	5.22221755219	-0.271918244839	-0.271251984119	-0.27181405592	-0.271294899464	-0.271460481167	
13/08/2015	09:31:46	6.58110671359	9.97613825496	9.97614228931	5.29754524948	5.29802764794	5.29764242179	5.29799224381	5.29787459082	5.41997765732	5.25075101089	5.22216271591	-0.271705277443	-0.271096237183	-0.271596916199	-0.271057374954	-0.271229036331	
13/08/2015	09:31:53	6.58116488042	9.97614889313	9.97615292679	5.2973161564	5.29782448589	5.29744668034	5.29774453447	5.29767778739	5.42001580429	5.25085210037	5.22225951385	-0.271916635513	-0.271299429417	-0.271857388496	-0.271283097744	-0.271479316235	
13/08/2015	09:32:00	6.58100566346	9.97618034844	9.97618437488	5.29733077284	5.29782644686	5.29745074921	5.29776522575	5.29771073484	5.42013072205	5.25096987915	5.22241591644	-0.27182740736	-0.2711529212	-0.271717019558	-0.271146841526	-0.271289892673	
13/08/2015	09:32:07	6.58115535029	9.97615613058	9.97616016395	5.29750247141	5.29797548808	5.29758422779	5.29793912364	5.29782976375	5.42005395126	5.25103902054	5.22243165207	-0.271858938217	-0.271239705563	-0.2717996912	-0.271221287727	-0.271403201103	
13/08/2015	09:32:14	6.58127381638	9.97615417769	9.97615821691	5.29733898411	5.2978067643	5.29745082559	5.29778085165	5.29767857744	5.4200248642	5.25115966034	5.22250174713	-0.271930821419	-0.271301336765	-0.271875687122	-0.271305449486	-0.271426029682	
13/08/2015	09:32:21	6.58091186454	9.97618322087	9.97618726372	5.29731835632	5.29779340706	5.29745910379	5.29777064846	5.29767684783	5.42012786102	5.25121258926	5.22252558899	-0.27184165287	-0.271206028938	-0.271745629787	-0.271230586052	-0.271406360149	
13/08/2015	09:32:28	6.58066121368	9.97615416265	9.97615820221	5.29747452278	5.297947608	5.29758089411	5.29787083704	5.29777171025	5.42009066772	5.25127171707	5.2226014061	-0.271787949085	-0.271189160824	-0.271653063774	-0.271183021545	-0.271322019577	
13/08/2015	09:32:34	6.58017721776	9.97616673114	9.97617078196	5.29724516501	5.29773270085	5.29737965607	5.29766417103	5.29759941674	5.42022370529	5.25142049026	5.22266053391	-0.27185679245	-0.271227307796	-0.27174437809	-0.271206863403	-0.2713928895	
13/08/2015	09:32:41	6.58083213567	9.97616140276	9.97616544523	5.29727544625	5.29777332821	5.29738199156	5.2977132107	5.29762752155	5.42017649841	5.25143908691	5.22273396683	-0.271865315914	-0.271235831261	-0.271773345947	-0.271252222538	-0.271374829292	
13/08/2015	09:32:48	6.58048817108	9.97615315841	9.97615720974	5.29743190461	5.29791128351	5.29753759175	5.29786977335	5.29778001489	5.42020940018	5.25153922272	5.22276496124	-0.271726913929	-0.271146483898	-0.271686025143	-0.271136291504	-0.271281369209	
13/08/2015	09:32:55	6.58063500728	9.97612750271	9.97613153801	5.29727598865	5.29774474613	5.29737834154	5.29770941712	5.29761032033	5.4202084465	5.2514991684	5.22283696365	-0.271882780075	-0.271228738308	-0.271776504993	-0.271212406635	-0.271351404667	
13/08/2015	09:33:02	6.5807227425	9.97616185112	9.97616591049	5.29728775111	5.29778970547	5.29739327478	5.29774089739	5.29762012515	5.42033051682	5.25170611572	5.22286223602	-0.271844811916	-0.271184690475	-0.271754928112	-0.271172411919	-0.271352298737	
13/08/2015	09:33:09	6.58034171204	9.9761545865	9.97615863153	5.29723172064	5.29772448438	5.29736840555	5.29767877195	5.29757357948	5.42037247849	5.25172137451	5.22297333908	-0.271771677017	-0.271158524036	-0.271700151443	-0.271140165806	-0.271319993019	
13/08/2015	09:33:16	6.58073860274	9.97613908887	9.97614312587	5.29726620914	5.29771741154	5.29738196296	5.29767895952	5.29761526388	5.42040108871	5.25175236893	5.22305583191	-0.271835155964	-0.27120567131	-0.271710463047	-0.271187253475	-0.271373219967	
13/08/2015	09:33:23	6.58104026669	9.9761642668	9.9761683052	5.2973350225	5.29781100915	5.29741348543	5.29776637974	5.2976352952	5.42045544815	5.25174473953	5.22303961945	-0.271713979721	-0.271041579723	-0.271601565361	-0.271039493561	-0.271229572773	
13/08/2015	09:33:29	6.58100783751	9.97614634026	9.97615037559	5.29727239404	5.29776607288	5.2974060339	5.29770201548	5.29762675075	5.4203662796	5.25183581543	5.22314309311	-0.271839149475	-0.27118308115	-0.271779842854	-0.271260746002	-0.271397657871	
13/08/2015	09:33:36	6.58111619548	9.97615987757	9.97616390741	5.29750199971	5.29800001659	5.2976324042	5.29794285819	5.29785404256	5.42052125168	5.25198125076	5.22331284714	-0.271581955433	-0.270993359566	-0.271496124744	-0.270962722778	-0.271073050976	
13/08/2015	09:33:43	6.58119152603	9.9761545476	9.9761585884	5.29727675753	5.29779339688	5.29738764543	5.29775517034	5.29762383709	5.42056845856	5.25201176834	5.2232661171	-0.271805055618	-0.271193929195	-0.271772332668	-0.271242983818	-0.271367676735	
13/08/2015	09:33:50	6.58113527221	9.97615550841	9.97615954397	5.29748645429	5.29798116709	5.29760963521	5.29791801542	5.29781581667	5.42057990265	5.25206803513	5.22335290146	-0.271610446453	-0.270956464291	-0.271526642323	-0.270997293472	-0.271140404224	
13/08/2015	09:33:57	6.58108210821	9.97617486946	9.97617890271	5.2972748871	5.29777058884	5.29737514559	5.29773248515	5.29762390374	5.42051791382	5.25211142731	5.22340821457	-0.271833785057	-0.271167464733	-0.271725423813	-0.271253295422	-0.271351404667	
13/08/2015	09:34:04	6.58094253021	9.97613856025	9.97614258139	5.29728629061	5.29778821482	5.29740854293	5.29773119262	5.29765592113	5.42041587067	5.25208424759	5.22346543503	-0.27166122961	-0.27100110817	-0.271616287708	-0.271011300564	-0.271146185875	
13/08/2015	09:34:11	6.58095231543	9.97616516561	9.97616919737	5.29727832392	5.29776677581	5.29740670277	5.29772842935	5.29762117682	5.42051457596	5.2522640152	5.22355698776	-0.271812088966	-0.271158047199	-0.271744616508	-0.27116215992	-0.271350152969	
13/08/2015	09:34:17	6.58104980992	9.97615451442	9.97615852932	5.29727415201	5.29777219789	5.29737988444	5.29774414324	5.29758063075	5.42052458954	5.25225972366	5.22366761398	-0.27180392313	-0.271223493099	-0.271785564899	-0.271211274147	-0.271329768181	
13/08/2015	09:34:40	6.675534212	10.0465130908	10.0454702464	5.31330027969	5.31376193568	5.3133791933	5.31372231808	5.31359100223	24.6927019751	23.852092807	23.7089170929	-3.78727586693	-3.78424909988	-3.78693856537	-3.78420824196	-3.7846275576	
13/08/2015	09:34:47	6.67563100344	10.0465304618	10.0454884259	5.31307499983	5.31356028381	5.31317926323	5.31349445419	5.31339637123	24.6928475128	23.8522264154	23.7091628369	-3.78877329498	-3.785521362	-3.7879653817	-3.78524519821	-3.78585866356	
13/08/2015	09:34:54	6.67502489623	10.0465339592	10.0454949018	5.31303040227	5.31352789597	5.31315198826	5.3134818933	5.31336137854	24.6928498987	23.8522431165	23.7095899066	-3.78804679932	-3.78493801819	-3.78773991753	-3.78505045204	-3.78555148354	
13/08/2015	09:35:01	6.67475631468	10.0465205167	10.0454812028	5.31304043295	5.31351834015	5.31314623888	5.31346634039	5.31335235957	24.6934582941	23.852515105	23.709828493	-3.78839215317	-3.78508117004	-3.7876376236	-3.78486644226	-3.78560277962	
13/08/2015	09:39:09	6.67572294962	10.0465705666	10.0455363536	5.3131720948	5.31362092317	5.31326823982	5.31358662128	5.31349136336	24.6997259595	23.8595605621	23.7176231116	-3.78612677505	-3.78302813385	-3.78590160912	-3.783007854	-3.78393834106	
13/08/2015	09:39:16	6.67579899234	10.0465817802	10.0455492555	5.31299472937	5.31345386844	5.3131086278	5.31336991153	5.31330397511	24.7006683759	23.8597752899	23.7180716541	-3.78652253029	-3.78341374916	-3.78613393265	-3.78322973938	-3.78402721451	
13/08/2015	09:39:23	6.6756469487	10.0465834485	10.0455546242	5.31308686657	5.31354772498	5.31319342236	5.31349843458	5.31342321761	24.7008640167	23.8599375287	23.7187444678	-3.78708261192	-3.78372838501	-3.78668387436	-3.78381010086	-3.78461801414	
13/08/2015	09:39:30	6.67564199923	10.0465984471	10.0455684793	5.31296315623	5.31342401952	5.31308031212	5.31335791676	5.3132589653	24.70175633	23.860669989	23.7193242328	-3.78681807922	-3.7838321701	-3.78646019958	-3.78368901825	-3.78451721138	
13/08/2015	09:39:37	6.67564858494	10.0466134063	10.0455853832	5.31293453271	5.31340812419	5.31304969254	5.31336879563	5.31325516226	24.7021380682	23.8606055707	23.7195270313	-3.7863176442	-3.78319872314	-3.78597020271	-3.78320886307	-3.78400663643	
13/08/2015	09:39:44	6.67559290975	10.0465880605	10.0455643401	5.31296535998	5.31340623811	5.31305299273	5.31334183101	5.31326365857	24.7021237531	23.8608322278	23.7203477686	-3.78694542473	-3.78372420975	-3.7866796991	-3.78369349174	-3.78434811325	
13/08/2015	09:39:51	6.67547690852	10.0465747459	10.0455512253	5.31310720134	5.31359582158	5.3132487831	5.31352987891	5.31345829552	24.7022979211	23.8609896948	23.720533866	-3.78568539017	-3.78229030533	-3.78506148666	-3.78236188126	-3.78326165031	
13/08/2015	09:39:57	6.67551393471	10.0465920824	10.0455701855	5.31290771269	5.3133678512	5.31303451169	5.31333162003	5.31320923938	24.7027703223	23.8611185315	23.7208869739	-3.78709394478	-3.78392700821	-3.78655503769	-3.78375313835	-3.78446889763	
13/08/2015	09:40:04	6.6755898583	10.0465732358	10.0455579614	5.31289754749	5.31338098336	5.3129970356	5.31330520785	5.31320770584	24.7032999841	23.8610469556	23.7217267981	-3.78681539513	-3.78360432007	-3.78626306755	-3.78358374199	-3.7842997995	
13/08/2015	09:40:11	6.67551535283	10.0465702291	10.045569299	5.3129213478	5.31336878575	5.31303015981	5.31332576356	5.3132145052	24.7040205151	23.8614931122	23.7222254437	-3.7868440255	-3.78350023674	-3.78610768814	-3.78340808273	-3.78425685394	
13/08/2015	09:40:18	6.6755846863	10.0465919527	10.0455834046	5.31309375154	5.31358269045	5.31321594148	5.3135108246	5.31341459748	24.7049414587	23.861760329	23.7233706586	-3.7855204673	-3.78218681847	-3.78458998024	-3.78212538246	-3.78306630768	
13/08/2015	09:40:25	6.67576392159	10.0466078949	10.0456009012	5.31292412323	5.31339495049	5.31309161401	5.31334606587	5.31326249086	24.7052563928	23.8618963232	23.7237213806	-3.78601732353	-3.78295983849	-3.78576173782	-3.78311313026	-3.78372659561	
13/08/2015	09:40:32	6.67569372315	10.0465989999	10.0455974178	5.31293355245	5.31335152299	5.31302568719	5.31329009998	5.31322322254	24.7053112677	23.8618008887	23.7243703357	-3.78683209618	-3.78359030312	-3.78644349854	-3.78372331505	-3.78454136826	
13/08/2015	09:40:39	6.6756074174	10.0466107544	10.0456120714	5.31309012169	5.31355696361	5.31319052086	5.31349142539	5.31339687649	24.7046957147	23.8620895782	23.7250598505	-3.78589296036	-3.7826818853	-3.7853200547	-3.78245701759	-3.78332606865	
13/08/2015	09:40:46	6.675604632	10.0465974511	10.0456015884	5.31308983163	5.31354383218	5.31322344948	5.31348573683	5.31341779932	24.7047148016	23.862182627	23.725541795	-3.78562872589	-3.78253038292	-3.78506625839	-3.78251994476	-3.78296997841	
13/08/2015	09:40:52	6.67560574353	10.0466280075	10.0456318922	5.31289770706	5.31334808505	5.3129959398	5.31329954888	5.31321344076	24.7060604291	23.8628005658	23.7261287177	-3.786545196	-3.78317068924	-3.78632032829	-3.78338541702	-3.7841011763	
13/08/2015	09:40:59	6.67563517299	10.0466163115	10.0456237591	5.31286850096	5.31331253513	5.31297204253	5.31329934472	5.31317228747	24.705693006	23.862585838	23.726403092	-3.7867465033	-3.78335141846	-3.7861840358	-3.78340271454	-3.78421062782	
13/08/2015	09:41:06	6.6756440958	10.0465746934	10.0455793888	5.31286915623	5.31334272738	5.31299886223	5.31327448139	5.31321002174	24.7054782782	23.8628291962	23.7262694836	-3.78694721413	-3.7832759655	-3.78605758499	-3.78312267372	-3.78381815315	
13/08/2015	09:41:13	6.67555659634	10.0466060118	10.0456047761	5.31285334757	5.31333429322	5.31300476245	5.31330053943	5.31319514319	24.7067308569	23.8644086383	23.7270425037	-3.78633464348	-3.78305199249	-3.78580289398	-3.78313370834	-3.78373703377	
13/08/2015	09:41:20	6.67557955601	10.0466271865	10.0456253839	5.31285882766	5.31331421693	5.31296995984	5.31328659087	5.31316915957	24.7072963068	23.8650623651	23.7276222687	-3.78634687103	-3.78312565605	-3.78601941116	-3.78337110184	-3.78386169518	
13/08/2015	09:41:27	6.67554548214	10.0466383065	10.0456314195	5.31287519577	5.31329390823	5.3129539934	5.3132539419	5.31317572414	24.7075706812	23.8659236621	23.7277892792	-3.78618970222	-3.78326493088	-3.78583182259	-3.78316263695	-3.78362281052	
13/08/2015	09:41:34	6.67516334296	10.0466386949	10.0456322976	5.31283427516	5.31328626077	5.31292490493	5.31324987301	5.31316624199	24.7077806372	23.8665702313	23.7285074243	-3.78612707329	-3.78285456223	-3.78584076958	-3.78283428238	-3.78380562737	
13/08/2015	09:41:41	6.6756629612	10.046646072	10.0456371845	5.31288426887	5.31363901383	5.31327579735	5.31356911879	5.31347995355	24.7083437012	23.8671833984	23.7287817987	-3.78551927437	-3.78040815666	-3.78306690414	-3.78032644081	-3.78105234001	
13/08/2015	09:41:47	6.67560416768	10.0466618845	10.0456484457	5.31285338369	5.31328855849	5.31295906875	5.31322975339	5.31315132331	24.7082864404	23.8677631635	23.7287388531	-3.78615987892	-3.78303051971	-3.78560755135	-3.78308151756	-3.78405316078	
13/08/2015	09:41:54	6.67582087595	10.046649486	10.045629433	5.31277416867	5.31321212102	5.31289106546	5.31317055021	5.31309833001	24.7083747174	23.8690348291	23.7291086621	-3.78780254646	-3.7844280397	-3.78739366898	-3.78459176964	-3.78537910484	
13/08/2015	09:42:01	6.67549474617	10.0466421757	10.0456224823	5.31301920702	5.31349564126	5.31313873833	5.313431394	5.3133371439	24.7085966028	23.8694857574	23.7296120795	-3.78479516457	-3.78180925545	-3.78448828278	-3.78199326523	-3.78237142471	
13/08/2015	09:42:08	6.67563808946	10.0466592183	10.0456325774	5.31284869132	5.31331248066	5.31297242154	5.31327237347	5.3131923463	24.7087302112	23.8704973639	23.7296741119	-3.78516765762	-3.78196672249	-3.78487091576	-3.78220202835	-3.78289750778	
13/08/2015	09:42:15	6.67548195407	10.0466455984	10.0456168408	5.31283504501	5.31324125763	5.31292345604	5.31321377393	5.31314565227	24.7090475311	23.8708767163	23.7297647748	-3.78618284286	-3.78269560402	-3.78569195129	-3.78260374825	-3.78356495331	
13/08/2015	09:42:22	6.67538363384	10.046647417	10.0456164267	5.31300732212	5.31346692735	5.31313656761	5.31342822066	5.31333261466	24.7094960736	23.8715208997	23.7301059534	-3.78470360703	-3.78130852219	-3.7841002816	-3.78124708618	-3.78211643547	
13/08/2015	09:42:29	6.67559770076	10.046672763	10.0456396521	5.31279993966	5.31328529282	5.3129333999	5.31320263679	5.31311474609	24.7098897412	23.8720195453	23.7303159094	-3.78599972778	-3.78312625252	-3.78559055206	-3.7828092308	-3.78339197815	
13/08/2015	09:42:36	6.67565954292	10.0466729349	10.0456386974	5.31279018772	5.31327242393	5.31290666096	5.3132461724	5.31313644633	24.7098921271	23.8723726532	23.730516322	-3.78615093193	-3.78290913887	-3.7854861705	-3.7828480011	-3.7836046183	
13/08/2015	09:42:43	6.67566881418	10.0466832103	10.0456444687	5.31283352142	5.31326074749	5.31293369092	5.31321732105	5.31313978385	24.7102953381	23.8733818738	23.7309123755	-3.78578112297	-3.78252918999	-3.78516765762	-3.78236575829	-3.78313251541	
13/08/2015	09:42:50	6.67573808108	10.0467003179	10.0456623714	5.3128319179	5.31327931694	5.31293577969	5.31324896435	5.31313654778	24.710667533	23.8738089435	23.7314515808	-3.78519479683	-3.7820245797	-3.78468332718	-3.78178927383	-3.78280177498	
13/08/2015	09:42:56	6.67572771057	10.0466890331	10.045653152	5.31279734165	5.31326377976	5.31290586723	5.31319442101	5.31310800724	24.7111113037	23.8741119482	23.7320408893	-3.78584017311	-3.78255752213	-3.78542085747	-3.78275167183	-3.78323242348	
13/08/2015	09:43:03	6.67573079367	10.0467058441	10.0456718004	5.31279776887	5.31323185991	5.31287894345	5.31316921888	5.31308369031	24.7112663849	23.8744984583	23.7326826868	-3.78565974213	-3.782520243	-3.78535315857	-3.78243852715	-3.78325658035	
13/08/2015	09:43:10	6.67575084185	10.0467177066	10.0456783509	5.3128114654	5.31324929026	5.31290057205	5.31319303417	5.31309903306	24.7117984326	23.8749994897	23.7324560297	-3.78562305946	-3.78204396484	-3.78525474167	-3.78217667854	-3.78278000397	
13/08/2015	09:43:17	6.67571674183	10.0466748768	10.0456383715	5.312784476	5.31324975604	5.31290872687	5.31315528841	5.31309767689	24.7122374316	23.8748133923	23.732661214	-3.78567167145	-3.78218473083	-3.78509906403	-3.78233802261	-3.78296192612	
13/08/2015	09:43:24	6.67557706388	10.0467195676	10.0456830036	5.31274489939	5.31321400309	5.31289430076	5.3131705763	5.31305241081	24.7128505988	23.875715249	23.7335606848	-3.78550495918	-3.78195658257	-3.78479933983	-3.78216087219	-3.78307107941	
13/08/2015	09:43:31	6.67539697672	10.046721756	10.0456659411	5.31274230131	5.3132202541	5.31285773501	5.3131646517	5.31307283843	24.7127265338	23.8766075623	23.7339996838	-3.7850256987	-3.78176362579	-3.78454524529	-3.7818250618	-3.78263297508	
13/08/2015	09:43:38	6.67546998079	10.0467190766	10.0456831507	5.31292166741	5.31339359693	5.31304717815	5.31334324996	5.31325830085	24.7132991412	23.8765049701	23.7344434546	-3.78413517487	-3.78090352173	-3.78360342537	-3.78098553581	-3.78190588295	
13/08/2015	09:43:44	6.67567861797	10.0466830498	10.045648171	5.31271745934	5.31320711053	5.31283945044	5.31315276758	5.31306184963	24.7134756952	23.8763260303	23.7344076666	-3.78550078392	-3.78210569908	-3.7848974585	-3.78220799301	-3.78281131844	
13/08/2015	09:43:51	6.67575457356	10.046708654	10.0456757387	5.31273517912	5.31318821245	5.31286219891	5.3131583666	5.3130773273	24.7142534869	23.8769916864	23.7353476971	-3.78533675575	-3.7822485527	-3.78507103012	-3.78192139107	-3.78280088028	
13/08/2015	09:43:58	6.67578881719	10.0467175846	10.0456845701	5.31304634368	5.31349473267	5.31312033428	5.31340787899	5.31332915574	24.7142296283	23.8776191687	23.735965636	-3.78270484924	-3.77970850197	-3.7822240976	-3.77938134033	-3.78030168747	
13/08/2015	09:44:05	6.67562548961	10.04672535	10.0456981294	5.31271192536	5.31317031691	5.31282103163	5.31313379794	5.31305801528	24.7145374048	23.8779555756	23.7371013074	-3.78509011703	-3.78184862221	-3.78477309532	-3.78199177406	-3.7828814032	
13/08/2015	09:44:12	6.67565286911	10.0467287758	10.0456996141	5.31288840663	5.31335474746	5.31300308567	5.31331402871	5.31319884526	24.7142821173	23.8782919824	23.7371728833	-3.78472478157	-3.78160586052	-3.78411131622	-3.78137085289	-3.78244449181	
13/08/2015	09:44:19	6.67586972102	10.0467214863	10.045695943	5.31302218997	5.3134522041	5.31312696509	5.31339989944	5.31332895243	24.7147211163	23.8784160474	23.7377955939	-3.78277910927	-3.77965004829	-3.78224735977	-3.77956803421	-3.78021251579	
13/08/2015	09:44:26	6.67577981041	10.0467603786	10.0457337599	5.31273545269	5.31317265952	5.31287012957	5.31314117992	5.31304845544	24.7154273322	23.8791842957	23.7384206903	-3.78477756882	-3.78163806969	-3.78421510132	-3.78156649376	-3.78239498512	
13/08/2015	09:44:33	6.67560273234	10.0467142695	10.0456855802	5.31285675645	5.31332762927	5.31300857806	5.31328659354	5.31317117524	24.7155275385	23.8792749585	23.7382274353	-3.78451661491	-3.78128526001	-3.78405644135	-3.78135683594	-3.78202129913	
13/08/2015	09:44:40	6.67553701216	10.0467546784	10.0457253295	5.31287275865	5.31332745873	5.31298523572	5.31328070135	5.31317484168	24.7162886292	23.8800527502	23.7389193359	-3.78379399628	-3.78045020752	-3.78315995285	-3.78042962944	-3.78131925858	
13/08/2015	09:44:46	6.67537474621	10.0467034717	10.0456795953	5.31269751374	5.31313515482	5.31280638648	5.31310250058	5.31301013828	24.7166345795	23.8794467407	23.7390624878	-3.78461711945	-3.78119161484	-3.78389122025	-3.78109946083	-3.78217309975	
13/08/2015	09:44:53	6.67540291019	10.0467271894	10.0457019434	5.31264855809	5.31312164667	5.31276812955	5.31305893187	5.31299332685	24.717276377	23.8801839728	23.7396160083	-3.78488582741	-3.78149074257	-3.7840370562	-3.78158259834	-3.78225749969	
13/08/2015	09:45:00	6.67569663193	10.0467474779	10.0457205344	5.31286030107	5.31334167246	5.31297595067	5.31325712106	5.31318801383	24.7178967017	23.8812432965	23.7404486749	-3.7840650901	-3.78067000526	-3.78344148483	-3.78056771133	-3.78135534477	
13/08/2015	09:45:07	6.6756172274	10.0467230187	10.0456894438	5.31264353003	5.31311579267	5.31277351295	5.31307944782	5.31295954139	24.7184573798	23.8820521045	23.7403508545	-3.78476146423	-3.78140723732	-3.78410684273	-3.78158110718	-3.7821844326	
13/08/2015	09:45:14	6.67566544131	10.0467776225	10.0457377935	5.31284880836	5.3133391599	5.31297559655	5.31327327433	5.31319666455	24.7191802966	23.8833858026	23.7408327991	-3.78358970665	-3.78031749382	-3.78328312309	-3.78039920967	-3.78132969673	
13/08/2015	09:45:21	6.67540110338	10.0467516179	10.045713558	5.31265207858	5.31314137154	5.31279790581	5.31309629558	5.31300194632	24.7195405621	23.8837198236	23.7414125641	-3.783737332	-3.78046482094	-3.78331801636	-3.78037296516	-3.78128287415	
13/08/2015	09:45:28	6.67576292187	10.0467667001	10.0457280974	5.31264992484	5.3131224198	5.3127742198	5.31308711718	5.31299091612	24.7200320502	23.8841993823	23.7418205469	-3.78448201988	-3.78116865089	-3.78410356216	-3.78115851097	-3.78210957611	
13/08/2015	09:45:35	6.67576933477	10.0467834144	10.0457473239	5.31266744285	5.31312198285	5.31279254789	5.3130594997	5.31300294685	24.7203302832	23.8846383813	23.7426078821	-3.78454882408	-3.78099030754	-3.78394549866	-3.78112302124	-3.78211494431	
13/08/2015	09:45:41	6.67664813102	10.0467914425	10.0457516221	5.31275692207	5.31319736015	5.31285449997	5.31317696979	5.31306875104	24.7202849518	23.8850105762	23.742469502	-3.78420347023	-3.78108454918	-3.78368186066	-3.78077766739	-3.78180030846	
13/08/2015	09:45:48	6.67572025292	10.0467526865	10.0457083686	5.3126743017	5.313117357	5.31278159223	5.31306993743	5.31295934079	24.7207239508	23.8857764386	23.7426221973	-3.78436183197	-3.78079287727	-3.7831757592	-3.78101804321	-3.78162136864	
13/08/2015	09:45:55	6.67574889107	10.046803744	10.0457586511	5.31283597056	5.31330369139	5.31295800565	5.31328417037	5.31316701571	24.7210436566	23.8864277795	23.743170946	-3.7831116391	-3.78005415405	-3.78270246338	-3.77990056404	-3.78062676147	
13/08/2015	09:46:02	6.67552022704	10.046782584	10.0457377215	5.31266403258	5.31308154862	5.3127343313	5.31305833578	5.31294630622	24.7212392975	23.8863037146	23.7430778973	-3.78371317513	-3.78038966621	-3.78313042778	-3.78013408051	-3.78103384956	
13/08/2015	09:46:09	6.67547428144	10.0467918377	10.0457452223	5.31260346632	5.31309393311	5.31273157004	5.31303164036	5.31292063775	24.7215876337	23.8870409467	23.7435789288	-3.78423180237	-3.78097986938	-3.7836081971	-3.78095958954	-3.78149133904	
13/08/2015	09:46:16	6.6753583536	10.0467910189	10.045742232	5.3125954371	5.31306851401	5.31271535943	5.31301677904	5.31292274687	24.7222461322	23.887456087	23.743698222	-3.78381815315	-3.78060707809	-3.78339883751	-3.78080152603	-3.78140485146	
13/08/2015	09:46:23	6.67532283421	10.0467811685	10.0457321473	5.31258703076	5.31304077792	5.31270126317	5.3129929926	5.31289027215	24.7225562946	23.8876254834	23.7438366022	-3.7838655722	-3.78071593315	-3.78335440079	-3.78069535507	-3.78122710457	
13/08/2015	09:46:30	6.67544115074	10.046806192	10.0457569905	5.31257593518	5.31302347011	5.31269000935	5.31300894634	5.31289981332	24.7233555591	23.8881456018	23.7443352478	-3.78389718491	-3.78056353607	-3.78353930527	-3.78074754585	-3.7814224472	
13/08/2015	09:46:37	6.67569296688	10.046803983	10.0457530669	5.31258844293	5.31306851505	5.31271089842	5.31300601618	5.31292447082	24.7240164435	23.8884366772	23.7443925085	-3.78402393394	-3.78076186104	-3.78350232437	-3.78071056496	-3.78168220818	
13/08/2015	09:46:43	6.67600818435	10.0467968861	10.0457469859	5.31257245215	5.31305869051	5.31273018193	5.31301094811	5.31292615696	24.7241023346	23.8885869867	23.744683584	-3.78413577133	-3.78087369843	-3.78362459991	-3.78083403343	-3.78160108879	
13/08/2015	09:46:50	6.67591382414	10.0467972452	10.0457454734	5.31257258876	5.31306005772	5.31271576614	5.31299831474	5.31289626219	24.724517475	23.8888995349	23.7447408447	-3.78406926537	-3.78083761223	-3.78373166557	-3.78091962631	-3.78156380966	
13/08/2015	09:46:57	6.67576927683	10.0468083547	10.0457570618	5.31257826453	5.31304373901	5.31271031952	5.31299139375	5.31291996715	24.7250256641	23.889758446	23.7456713318	-3.78365770378	-3.78038519272	-3.78318709206	-3.78047734673	-3.78122382401	
13/08/2015	09:47:04	6.67549948017	10.0468269673	10.0457773781	5.31254629773	5.31299637962	5.31266521977	5.31298746078	5.31286593312	24.725500451	23.8900614508	23.7462105371	-3.78359089958	-3.78034910652	-3.78318172386	-3.78060469223	-3.78129003174	
13/08/2015	09:47:11	6.67556144128	10.0468142583	10.0457707513	5.31256834396	5.31303308185	5.31266176528	5.31296280757	5.31288460523	24.7258249286	23.8905648682	23.7475537787	-3.78355540985	-3.78033419487	-3.7828497905	-3.78019104301	-3.78120324593	
13/08/2015	09:47:18	6.67584278906	10.0468123221	10.0457697566	5.31255291367	5.31303481193	5.31266132535	5.31298546246	5.31290106119	24.726168493	23.8908273132	23.7479474463	-3.7835369194	-3.78060200813	-3.78309732391	-3.7803055645	-3.780960186	
13/08/2015	09:47:25	6.67576607974	10.0468198968	10.0457796245	5.31254762076	5.31300019418	5.31267330496	5.31294657222	5.31288621023	24.7266742963	23.8911374756	23.7485749286	-3.78358433846	-3.78041412132	-3.78308300873	-3.78028110939	-3.78115045868	
13/08/2015	09:47:32	6.67584297778	10.0468238968	10.045782852	5.31253010413	5.31296661974	5.31264989396	5.31293241786	5.31285309629	24.7275284357	23.8916838385	23.7490186993	-3.7836723172	-3.78041024429	-3.7830484137	-3.78059425407	-3.78085997971	
13/08/2015	09:47:38	6.67560587773	10.0468352382	10.0457959604	5.31252050338	5.31297746472	5.31263774871	5.31294943218	5.31284285953	24.7269868445	23.8921132941	23.7496938989	-3.78346653641	-3.78015316742	-3.78311879669	-3.78032703728	-3.78090978462	
13/08/2015	09:47:45	6.67571468737	10.0468491369	10.0458085521	5.3124339584	5.3129224114	5.31254784052	5.31284272584	5.31275561612	24.7282203363	23.89295789	23.7503643268	-3.7847981469	-3.78137234406	-3.78422524124	-3.7813926239	-3.78065270775	
13/08/2015	09:47:52	6.675882717	10.0468215263	10.0457834682	5.31255038209	5.31301850907	5.31266019873	5.31297902321	5.31287362491	24.7286688788	23.8930724115	23.7508271844	-3.78273884781	-3.7793846209	-3.78236039009	-3.77954835083	-3.78015167625	
13/08/2015	09:47:59	6.67583522124	10.0468472108	10.0458057527	5.31251140271	5.31294468913	5.31263759383	5.31294064997	5.31282573743	24.7293249915	23.8941436646	23.7514379657	-3.78333292801	-3.78005027702	-3.78273974251	-3.78025486488	-3.78082747231	
13/08/2015	09:48:06	6.67583130784	10.0468333286	10.045795351	5.31270107305	5.31316846377	5.31280705089	5.31312174891	5.31301443901	24.7301099408	23.8942892023	23.7520630621	-3.78202577263	-3.7787228418	-3.78152474113	-3.77889641342	-3.77953045685	
13/08/2015	09:48:13	6.67577438476	10.0468427591	10.0458032859	5.31246630119	5.31295690375	5.31259295595	5.31290426504	5.31281081226	24.7304105597	23.8947210437	23.7522921051	-3.78312476135	-3.78007741623	-3.7826132917	-3.77974995636	-3.78045557571	
13/08/2015	09:48:20	6.67564074246	10.0468253164	10.0457856077	5.31246785127	5.31294025151	5.31259284388	5.31289072873	5.31277639767	24.7307779828	23.8949071411	23.7524471863	-3.78300367874	-3.77985403969	-3.78274809303	-3.77989489761	-3.7805700972	
13/08/2015	09:48:27	6.67539409713	10.0468596075	10.0458199441	5.31245015973	5.3129227922	5.31257278706	5.31287470218	5.31280524394	24.7318897955	23.8954415747	23.7529911633	-3.78279968735	-3.77969090622	-3.78194047798	-3.77943532051	-3.78016121971	
13/08/2015	09:48:34	6.67578531279	10.0468675601	10.0458251072	5.31247634207	5.31295379588	5.31260421481	5.31290081137	5.31281171887	24.7324743323	23.8960666711	23.7532369073	-3.78313102425	-3.77996110535	-3.78246656105	-3.77994052727	-3.78049285484	
13/08/2015	09:48:40	6.67594142724	10.0468465152	10.0458085315	5.31248541253	5.31295831817	5.31258432267	5.31289380744	5.31281893399	24.7332497382	23.8962217523	23.7540075415	-3.78289691132	-3.77965511826	-3.78224228981	-3.77943025055	-3.78029930161	
13/08/2015	09:48:47	6.67564137336	10.046867501	10.0458215874	5.31241826055	5.31290399703	5.31254630763	5.31284273183	5.31275973447	24.7330612549	23.8969804572	23.7543439484	-3.78241437027	-3.77924415314	-3.78214834641	-3.77922387329	-3.77993963257	
13/08/2015	09:48:54	6.6758601502	10.0468743008	10.0458316422	5.3124395163	5.31292819291	5.31259074667	5.31287876961	5.31277079571	24.7339153943	23.8974480865	23.7545992358	-3.78271916443	-3.77951852753	-3.78234100494	-3.77939565552	-3.78027514473	
13/08/2015	09:49:01	6.67585919567	10.0468600349	10.0458129477	5.31241292399	5.31291779093	5.31256463061	5.31286741211	5.31276039286	24.7341849969	23.8981996338	23.7547471594	-3.78258734543	-3.77968315216	-3.78210659378	-3.77938641029	-3.7800717498	
13/08/2015	09:49:08	6.6758212155	10.0468685224	10.0458242501	5.31244921791	5.31291287476	5.31257716434	5.31285563407	5.31277331796	24.734201698	23.8985026385	23.7554390601	-3.78239379219	-3.77953045685	-3.7819234787	-3.77948959892	-3.78014422043	
13/08/2015	09:49:15	6.67601766488	10.046863757	10.0458175317	5.31245726321	5.31289074159	5.31255042761	5.31284992164	5.31277296408	24.734817251	23.8990370721	23.7557086627	-3.78246924515	-3.77940132195	-3.78208064751	-3.77932974602	-3.78019909531	
13/08/2015	09:49:22	6.67595331808	10.0469094258	10.0458648728	5.31243470425	5.31293763012	5.31256189637	5.312866401	5.31275503363	24.7353278259	23.8996764838	23.756581889	-3.7824516494	-3.77919971642	-3.78184832397	-3.77925071426	-3.77953701797	
13/08/2015	09:49:29	6.67602660419	10.0468796705	10.0458330333	5.31261527662	5.31307425461	5.31271495706	5.31299992927	5.31293891187	24.7355186951	23.9000248199	23.7566463074	-3.78180537842	-3.77866587929	-3.78146777863	-3.77890118515	-3.77947379257	
13/08/2015	09:49:35	6.67591034232	10.046890947	10.0458418846	5.31261345315	5.31308682656	5.31274716318	5.31304035978	5.31295494299	24.7360244983	23.9006427588	23.7569349969	-3.7812652784	-3.77810549942	-3.78071324905	-3.77813621742	-3.77860653091	
13/08/2015	09:49:42	6.67574879307	10.0469196832	10.0458749758	5.31240928283	5.31291211241	5.31255021599	5.31284017305	5.31274076988	24.7365637036	23.9010769861	23.757970462	-3.78128436531	-3.77856418182	-3.78073203773	-3.77830859612	-3.77923908318	
13/08/2015	09:49:49	6.67581207568	10.0468819446	10.0458345336	5.31240930884	5.31286132411	5.31251967456	5.31281038314	5.31273543634	24.7369287408	23.9016519794	23.7581780322	-3.78193391685	-3.77884571381	-3.78128973351	-3.77899900558	-3.77967390694	
13/08/2015	09:49:56	6.67577993254	10.0469107922	10.04586353	5.31235738229	5.31284833371	5.31249854858	5.31279593069	5.31271711707	24.7373868268	23.9018380768	23.7583856024	-3.78217459091	-3.778820364	-3.78166341949	-3.77890237808	-3.77981228706	
13/08/2015	09:50:03	6.67584245207	10.0468916699	10.0458473723	5.31254624803	5.31302648443	5.31266276695	5.31299687302	5.31286785631	24.7377590216	23.902255603	23.7592134973	-3.78124768265	-3.77820003929	-3.78077707092	-3.77828205338	-3.77892623672	
13/08/2015	09:50:10	6.6756631779	10.0468684901	10.0458288616	5.31233976666	5.31281944083	5.31245163945	5.31278817795	5.31268512533	24.7382123358	23.9022508313	23.7598505231	-3.78164284142	-3.77867721214	-3.7812643837	-3.77883050392	-3.77948512543	
13/08/2015	09:50:17	6.67568372212	10.0469244705	10.0458860138	5.31235022832	5.31281554993	5.31247251092	5.3127963065	5.31265519723	24.7386561066	23.9028496832	23.7606139996	-3.78179792259	-3.77867870331	-3.78124559502	-3.77876071739	-3.77928202873	
13/08/2015	09:50:24	6.67582576478	10.0468985206	10.0458580321	5.31235482349	5.31283083309	5.3124669714	5.3127728116	5.31269370802	24.7396653271	23.9031908618	23.760678418	-3.78168608521	-3.77862860016	-3.78117491379	-3.77881260994	-3.77930350151	
13/08/2015	09:50:30	6.67595160508	10.0469176145	10.0458756836	5.31234647919	5.31286270155	5.31248586658	5.31277419792	5.31269901933	24.7401878314	23.9039543384	23.7612486395	-3.78173380249	-3.77863545952	-3.78145793694	-3.77874789337	-3.7793819368	
13/08/2015	09:50:37	6.67590905774	10.0469241101	10.0458852338	5.31234226511	5.31283918308	5.31247375857	5.31275913592	5.31265609804	24.7405576404	23.9039853546	23.7616995679	-3.78180090492	-3.77877383965	-3.78141230728	-3.7789169915	-3.77938760323	
13/08/2015	09:50:44	6.67579682541	10.0469237604	10.0458793281	5.31232937216	5.31283448927	5.31247607181	5.31279405969	5.31267711964	24.7412566986	23.9050566077	23.762014502	-3.7813610112	-3.77868168564	-3.78109528557	-3.77849767586	-3.77908072144	
13/08/2015	09:54:41	6.67597305548	10.047049731	10.0460002822	5.31229838562	5.31276332608	5.31242718565	5.31272570433	5.31261469906	24.7582798401	23.92079854	23.7771718976	-3.77847620308	-3.77546971588	-3.77797487335	-3.7754184198	-3.7759501693	
13/08/2015	09:54:49	6.6759449153	10.0470465463	10.0459940959	5.31208480834	5.31257823081	5.31220028785	5.31250377276	5.31240229731	24.7586448773	23.9214164789	23.7773818536	-3.77955014023	-3.77663580704	-3.77926383652	-3.77666652504	-3.77741300232	
13/08/2015	09:54:57	6.67578704559	10.0470386273	10.0459843559	5.3120678373	5.31255352571	5.31219381478	5.31254198599	5.31240530894	24.7595443481	23.922046347	23.7777659778	-3.77938253326	-3.77620217621	-3.77893249962	-3.77653947777	-3.77711238342	
13/08/2015	09:55:04	6.67596961125	10.0470285599	10.0459735951	5.31211033941	5.31257474235	5.31219054438	5.31254026584	5.31243202759	24.7601050262	23.9227120032	23.7783409711	-3.77912157936	-3.77620694794	-3.77882483749	-3.77615595009	-3.77699458138	
13/08/2015	09:55:12	6.67604654121	10.0470458121	10.0459888041	5.31207367936	5.31255353443	5.31218659581	5.31246271293	5.31239778442	24.7609615515	23.9232893823	23.77864159	-3.77933064072	-3.77639572945	-3.77876817322	-3.77609928581	-3.77708077072	
13/08/2015	09:55:20	6.67600199849	10.0470621896	10.0460069324	5.3122214131	5.31269554865	5.31232418038	5.3126480962	5.31256486535	24.760882818	23.9237474683	23.7793430341	-3.77867661568	-3.77601786819	-3.77870733368	-3.77587471634	-3.77654961769	
13/08/2015	09:55:28	6.67592972776	10.0470504881	10.0459961154	5.31225481793	5.31274761874	5.31237860844	5.31269722702	5.31256373554	24.7616510663	23.9241244348	23.7798440656	-3.77791463028	-3.77507157478	-3.77762802834	-3.77495914093	-3.77572619629	
