2017/09/26	12:12:01	6.5231729726	6.76325370979	6.72098220587	6.78993419958	6.87600153783	7.00394685515	7.32175751	7.70643716517	22.1474524414	22.3803056354	22.4371583948	22.5807516351	22.6001009943	22.5218422607	22.5446105634	22.49130797	
2017/09/26	12:12:05	6.52337895741	6.76315171175	6.7208771143	6.78999091219	6.87599099567	7.00402060487	7.32177960636	7.70662533589	22.1480584509	22.380417771	22.4373611932	22.5809949933	22.6004469446	22.522312276	22.5444960419	22.4915632574	
2017/09/26	12:12:06	6.52351929606	6.76337165171	6.72099558817	6.78994557281	6.8760560097	7.00405485001	7.32195720687	7.70648426324	22.148144342	22.3807708789	22.4381652295	22.5815341986	22.6008835577	22.5222669446	22.5445533026	22.4918972784	
2017/09/26	12:12:09	6.52365430206	6.76341675375	6.72116763668	6.79009318774	6.87605878585	7.00404799981	7.32195461179	7.70658342923	22.1484712054	22.3807589496	22.4382463489	22.5815938452	22.6011889484	22.5224912158	22.5450328613	22.491976012	
2017/09/26	12:12:12	6.52370102635	6.76353782472	6.72119103287	6.79019975386	6.8762660867	7.00410278841	7.3221283524	7.70663457282	22.1485881128	22.3808973297	22.4385159515	22.5818014154	22.6010290955	22.522453042	22.5452714478	22.4920833759	
2017/09/26	12:12:15	6.52377181009	6.76354378355	6.72117492182	6.7903078406	6.87621672084	7.00431018914	7.32211202408	7.7066105169	22.1487932971	22.3815510565	22.4383942725	22.5818014154	22.6014895673	22.5228824976	22.5455577515	22.4921239355	
2017/09/26	12:12:17	6.52384723076	6.76362263575	6.7212635176	6.79043230139	6.87632533591	7.00446702772	7.32231548596	7.7068647095	22.1497166266	22.3819757404	22.439298515	22.5827271307	22.6019738977	22.5232976379	22.5458488269	22.4927108582	
2017/09/26	12:12:20	6.52381322168	6.76366482869	6.7213492488	6.79051387263	6.87646017235	7.00421772205	7.32230083732	7.70689916598	22.1493611328	22.3818445178	22.4395371014	22.5823931097	22.6022435004	22.5235362244	22.5455959253	22.4927347168	
2017/09/26	12:12:22	6.52396412251	6.76379853233	6.72147693918	6.79061105465	6.87635302795	7.00456070586	7.32232039892	7.70689760861	22.1502749188	22.3829420154	22.4398138617	22.5829466302	22.6028184937	22.5239776093	22.5464476788	22.492942287	
2017/09/26	12:12:24	6.52389544113	6.76397213105	6.72156662643	6.79057572402	6.87663966219	7.0044373058	7.32241070816	7.70699255082	22.1507186896	22.3824123535	22.4401049371	22.5829394727	22.6026061517	22.5238368433	22.5466958087	22.4928635535	
2017/09/26	12:12:26	6.52404912618	6.76381420722	6.7216853362	6.79070591046	6.87659781412	7.00453023131	7.32239380979	7.70698838582	22.1510813409	22.3827225159	22.4404031702	22.5833808575	22.6026180811	22.5243211737	22.5470966339	22.4932643787	
2017/09/26	12:12:29	6.52420759737	6.76398558057	6.72166223711	6.79072715339	6.87675036433	7.0044886707	7.32255719067	7.70718695201	22.1514964813	22.3830684662	22.4406155121	22.5833784717	22.6031787592	22.5243068585	22.5472779596	22.493486264	
2017/09/26	12:12:31	6.52441788449	6.76416015235	6.72184006041	6.79051928565	6.8769294931	7.00472314819	7.32264518954	7.7070670779	22.1519307086	22.38349315	22.4409280603	22.5835502539	22.6038706598	22.5249677429	22.5474378125	22.4936151007	
2017/09/26	12:12:33	6.52470886719	6.76446922791	6.72184535402	6.79055432615	6.8769588086	7.00475028195	7.32243257932	7.70679855057	22.1522742731	22.384092002	22.4410163373	22.5837077209	22.6045220007	22.5251275958	22.5482418488	22.4940111542	
2017/09/26	12:12:35	6.52270133108	6.76396444635	6.72230325628	6.79097744439	6.87717573289	7.00452021918	7.32251993078	7.70991663563	22.1526297668	22.3840800726	22.4413933038	22.5838699597	22.6048059186	22.5257693933	22.5485376959	22.4944072076	
2017/09/26	12:12:37	6.48654836425	6.75225201402	6.72199446971	6.79080029595	6.87778020382	7.00804108932	7.33335005898	7.74514692896	22.1524365118	22.3840180402	22.4410950708	22.5839415356	22.6051733417	22.5253995844	22.5484852069	22.4946314789	
2017/09/26	12:12:39	6.41318893202	6.71290198875	6.71033603144	6.79124963826	6.88164206034	7.01733961811	7.36948875094	7.81979130607	22.1530210486	22.3845190717	22.4414219342	22.584163421	22.6051518689	22.5255021765	22.5486880054	22.4945503595	
2017/09/26	12:12:41	6.31606870052	6.64977725135	6.68175758879	6.79110432436	6.88983132146	7.038170917	7.43009798291	7.91581362647	22.153312124	22.3848745654	22.4415340698	22.5844711975	22.6057865088	22.5257073608	22.5491890369	22.4952756622	
2017/09/26	12:12:44	6.19624601278	6.55323058837	6.62405101607	6.79050471124	6.90705015684	7.07962356111	7.52464987433	8.03139707273	22.1538632587	22.3853135645	22.4418895636	22.5845928766	22.6054166998	22.5260413818	22.5496375793	22.4961011713	
2017/09/26	12:12:46	6.10784589947	6.46686185427	6.56042163276	6.78881116472	6.92618110012	7.12837223843	7.60783663775	8.11477060057	22.1541543341	22.3854185425	22.442199726	22.5848099902	22.6057554926	22.5257073608	22.5501123663	22.4960224377	
2017/09/26	12:12:48	6.0400646553	6.40314782605	6.50949706368	6.78505898423	6.94135706524	7.17680714775	7.66480897796	8.17589761744	22.154402464	22.385461488	22.4421901825	22.5852108154	22.6066167896	22.5264040332	22.5498785516	22.4960248236	
2017/09/26	12:12:50	6.01014604848	6.38057577292	6.49435866337	6.78066961691	6.94548743094	7.20146147757	7.68288446076	8.20079082378	22.154893952	22.3856261127	22.4422116553	22.5851177667	22.6063519586	22.5264159625	22.5502984637	22.4961989917	
2017/09/26	12:12:53	6.00466126407	6.37796732104	6.49544180271	6.77605107196	6.9452764347	7.21025649448	7.68443106413	8.20306624962	22.1554379291	22.3861319159	22.4423500354	22.585289549	22.6065929309	22.5264016473	22.5505799957	22.4964304205	
2017/09/26	12:12:56	6.02906748442	6.39748994144	6.50734349866	6.7704554162	6.94253669504	7.20394797081	7.66882274365	8.1806946206	22.1555715375	22.3864802521	22.4425838501	22.5852871631	22.6067241534	22.5264493646	22.5510595544	22.4964495074	
2017/09/26	12:12:58	6.05579028696	6.41881076757	6.51950265878	6.7668550193	6.93930355423	7.19388642487	7.64982415497	8.15888194706	22.1561011993	22.3867212244	22.4431445282	22.5858884009	22.6067623273	22.5266426196	22.5512504236	22.4968646478	
2017/09/26	12:13:00	6.07663812557	6.43664804293	6.5316822038	6.76452506222	6.93609593527	7.18423455398	7.63396697879	8.14165596174	22.1567429968	22.3870576312	22.4434165167	22.5858740857	22.6071774677	22.5269456244	22.551453222	22.4970865332	
2017/09/26	12:13:03	6.09227363892	6.45082510659	6.54275243067	6.76254369293	6.93327470496	7.1753526558	7.62215201876	8.12803203817	22.1564113617	22.3872771307	22.4431564575	22.5862772968	22.6071202069	22.5273273627	22.5519470959	22.4974491846	
2017/09/26	12:13:05	6.101304229	6.45924166451	6.54900446733	6.76070514061	6.93252008941	7.169176641	7.61598977728	8.12047676498	22.1567000513	22.3871339789	22.4437409943	22.5861365308	22.6072037122	22.5275754926	22.5522143127	22.4972559296	
2017/09/26	12:13:07	6.10238315009	6.46012860204	6.54930420793	6.75915544211	6.93310792001	7.16809150112	7.61604644353	8.12083213659	22.1574134247	22.3874727716	22.4441203467	22.5866805078	22.6076665698	22.5281671869	22.5528465668	22.4977665045	
2017/09/26	12:13:09	6.10016049923	6.45800495652	6.54806460836	6.75816184103	6.93359225393	7.16886888227	7.61842790976	8.1237575369	22.1577045001	22.388028678	22.44399151	22.586642334	22.6076594122	22.5284916644	22.5527320453	22.4978857977	
2017/09/26	12:13:12	6.09572617701	6.45433104411	6.54607432814	6.75712247724	6.93436689677	7.17102693369	7.62240838861	8.1285927115	22.1580719232	22.3880883246	22.4446857965	22.5869477246	22.6079242432	22.5285608545	22.5532736365	22.4981697156	
2017/09/26	12:13:14	6.09005735855	6.44974635066	6.54316037983	6.75582853979	6.93576078743	7.17412283703	7.62739730749	8.13429728143	22.158005119	22.3884724487	22.4442587268	22.5869119366	22.6083274542	22.5288304572	22.5537770538	22.4984822638	
2017/09/26	12:13:16	6.08631120995	6.44668989374	6.54090652528	6.75438861163	6.93670714938	7.17665278163	7.63067864211	8.13787527348	22.1586421448	22.3884652911	22.4443231451	22.5868021869	22.6081365851	22.5284344037	22.5533619135	22.49812677	
2017/09/26	12:13:18	6.08448903761	6.44494971905	6.5398889086	6.75336626927	6.93742437268	7.17806880969	7.63242906307	8.13981914402	22.15942948	22.3890665289	22.4444257373	22.5872411859	22.6088618878	22.529150163	22.5541898083	22.4988115131	
2017/09/26	12:13:21	6.08389880685	6.44424185439	6.53943479757	6.75227415819	6.93784681377	7.17916004501	7.63346803601	8.1410766412	22.1596537512	22.3895914191	22.4452250018	22.587520332	22.6087521381	22.5292241248	22.5543162592	22.4984464758	
2017/09/26	12:13:23	6.08435056385	6.44477924168	6.5398015286	6.7510876003	6.93802246248	7.17958690363	7.63350595725	8.14103726001	22.1601905707	22.3897178699	22.4452297736	22.587644397	22.6087545239	22.5298420636	22.5545214435	22.4989594366	
2017/09/26	12:13:27	6.08566337923	6.44587409598	6.5405870609	6.74995609891	6.93799230091	7.17951207921	7.63294963754	8.14010849428	22.1602883911	22.3902212872	22.44553755	22.58755612	22.6090742297	22.5299971448	22.5548840948	22.4990906592	
2017/09/26	12:13:30	6.08761520054	6.44749814578	6.54172228883	6.74860556095	6.93807012203	7.17890239909	7.63208355246	8.13914305663	22.1609707483	22.3905887103	22.4459574622	22.5880571515	22.6088714313	22.5301617694	22.5555998541	22.4994533105	
2017/09/26	12:13:32	6.08877467639	6.44861625911	6.54264044908	6.74768171134	6.93812722879	7.17870628119	7.63157117865	8.13858488179	22.1612093347	22.3907748077	22.4463057983	22.5886583893	22.6092364685	22.5305888391	22.5558933154	22.4998708368	
2017/09/26	12:13:34	6.08931275911	6.44908730399	6.54300636387	6.74697928739	6.93835157703	7.17871844796	7.63139714588	8.13844941429	22.1616340186	22.3912829968	22.446487124	22.5886894055	22.6098400922	22.5311423596	22.5557000604	22.5000235321	
2017/09/26	12:13:36	6.08953836857	6.44935293456	6.54313172214	6.74624668873	6.93841078037	7.17883341614	7.63150975439	8.13853137351	22.1618606757	22.3909346606	22.4468855634	22.5887371228	22.6097756738	22.5312926691	22.5563514014	22.4998684509	
2017/09/26	12:13:38	6.08961956357	6.44928668595	6.5432801256	6.74561417136	6.93865683205	7.17898190581	7.63175531862	8.13903106608	22.1619346375	22.3913259424	22.4468879492	22.5886178296	22.6096754675	22.5313356146	22.5563036841	22.4998422064	
2017/09/26	12:13:40	6.08949721481	6.44940130446	6.54336226085	6.74508230531	6.93885574693	7.17923433948	7.63212441959	8.13934433404	22.1623974951	22.3916862079	22.4471050629	22.5888778888	22.609842478	22.531574201	22.5565923737	22.5000903363	
2017/09/26	12:13:43	6.08939632064	6.4493755747	6.54332250045	6.74466602785	6.93905394815	7.17951732976	7.63251380373	8.13963358064	22.1624475983	22.3919319519	22.4473818231	22.5892142957	22.6101192383	22.5316887225	22.5570027423	22.5003551672	
2017/09/26	12:13:46	6.08924675964	6.44917173573	6.54338899461	6.74393810648	6.93934218451	7.17995253105	7.63291998487	8.14011404409	22.1632874225	22.391912865	22.4475273608	22.5893479041	22.6105415363	22.531996499	22.5573820947	22.5002549609	
2017/09/26	12:13:47	6.08937595721	6.44920851656	6.54357771735	6.74339646705	6.93956158999	7.18014585556	7.63324403662	8.14035008947	22.1633995581	22.3920751038	22.4478303656	22.5894791266	22.6111809479	22.532084776	22.5577185016	22.5003957269	
2017/09/26	12:13:50	6.08938684327	6.44933081707	6.54355171658	6.74289929743	6.93958339146	7.18025604802	7.63336532175	8.14049292128	22.1636405304	22.3923661792	22.4480713379	22.5895363873	22.6111666327	22.5323567645	22.5578449524	22.5007392914	
2017/09/26	12:13:52	6.08963399006	6.44964780376	6.54376858667	6.7424049557	6.93962141194	7.18061225815	7.63360552887	8.140814305	22.1639864807	22.3927240588	22.4480713379	22.5901089948	22.611371817	22.5327051007	22.5584199457	22.5012594098	
2017/09/26	12:13:55	6.0896200105	6.44969891362	6.5438925018	6.74208932602	6.93976446869	7.18064971459	7.63365321403	8.14077509377	22.1638886603	22.3922492719	22.4478542242	22.5898823376	22.6117487836	22.5326812421	22.5583770001	22.5010733124	
2017/09/26	12:13:57	6.0898428456	6.44978890847	6.54408497309	6.74171201662	6.93989405996	7.18065344223	7.63384346567	8.14083651349	22.1640007959	22.3928600531	22.4479926044	22.5902664618	22.611548371	22.5325142316	22.5585249237	22.5009253888	
2017/09/26	12:13:59	6.09001425328	6.45001142378	6.54434391081	6.74124538742	6.94009635017	7.1807392083	7.63387174504	8.141093492	22.1646950824	22.3930533081	22.4485246521	22.5901209241	22.6116605066	22.53303435	22.5587372656	22.5015075397	
2017/09/26	12:14:02	6.09027362951	6.45019086321	6.54449646334	6.7407273	6.94026106765	7.18102093672	7.63392874911	8.14114959634	22.1649074243	22.3931010254	22.4485413531	22.5904454016	22.6124764722	22.5332657788	22.5588684882	22.5014431213	
2017/09/26	12:14:05	6.09053904975	6.45029195266	6.54454029407	6.74041069976	6.94053645765	7.18119572161	7.6340807403	8.14134203634	22.1650672772	22.3932918945	22.4491020313	22.5904835754	22.6123094617	22.5333755286	22.5593766772	22.5015433276	
2017/09/26	12:14:08	6.09059646998	6.45055923908	6.54472024728	6.7401029636	6.94066682913	7.18116553236	7.63425258525	8.14141628273	22.1653416516	22.3935877417	22.4496293073	22.5905312927	22.6128892267	22.533771582	22.5599158826	22.5016316046	
2017/09/26	12:14:10	6.09059103817	6.45065690792	6.54478784617	6.73975628887	6.94067085304	7.18144565071	7.63437357305	8.14156782403	22.1660120795	22.393687948	22.4497008832	22.5906935315	22.6135023938	22.5339457501	22.5601306104	22.5021326361	
2017/09/26	12:14:12	6.090806776	6.45072961974	6.54495903945	6.73941223487	6.94102941036	7.18151303679	7.63440185316	8.1416951536	22.1662745245	22.3937428229	22.4501231812	22.5908724713	22.6132924377	22.5340316412	22.5604717889	22.5021970544	
2017/09/26	12:14:14	6.0909370614	6.4508577827	6.54506856193	6.73916915632	6.94093001226	7.1817210472	7.63468125006	8.14175672288	22.1664677795	22.3937714532	22.4502043005	22.5912685248	22.6135548828	22.5343441895	22.5608773859	22.5027267163	
2017/09/26	12:14:17	6.09094551157	6.45089096226	6.54513074348	6.73893331652	6.9410083822	7.18191587987	7.63481402365	8.14190572075	22.1668757623	22.3942438544	22.4500468335	22.5910824274	22.613991496	22.5347306995	22.5607008319	22.5027434174	
2017/09/26	12:14:19	6.09107105425	6.45102571514	6.54532180398	6.73871485225	6.94144611597	7.18198906569	7.63494902656	8.14229873033	22.1672622723	22.394231925	22.4506122833	22.5913711169	22.6146714673	22.5352460461	22.5614714661	22.5030535797	
2017/09/26	12:14:23	6.09118071576	6.45102223266	6.54530587589	6.73852207022	6.94154323072	7.18206054801	7.63522597883	8.14234435265	22.167567663	22.3944633539	22.4506600006	22.5919604254	22.6147979181	22.5360095227	22.5616408624	22.5034066876	
2017/09/26	12:14:25	6.09138077343	6.45144619104	6.54555921959	6.73826674082	6.94154836881	7.18222756162	7.63517895947	8.14248274828	22.1679494012	22.3946112775	22.4507983807	22.5921823108	22.615134325	22.5356158551	22.5617100525	22.5038242139	
2017/09/26	12:14:27	6.09153928643	6.45140577211	6.54556171974	6.73814050451	6.94175087281	7.18241649967	7.63513221128	8.14251585751	22.16804245	22.3945182288	22.4507673645	22.5919246375	22.6152750909	22.535687431	22.5617195959	22.5040174689	
2017/09/26	12:14:30	6.09154679872	6.45154032255	6.545768041	6.73779810079	6.94192840714	7.18253894057	7.63544867885	8.14261266161	22.1687367365	22.394935755	22.4512755536	22.592494859	22.6154969763	22.5361741473	22.5620536169	22.5042799139	
2017/09/26	12:14:32	6.09165096294	6.45184474279	6.54568259184	6.73760852189	6.94200086157	7.1826657944	7.63545099259	8.14289064593	22.1691828931	22.3953938409	22.4517837427	22.5927382172	22.6157928235	22.5361407452	22.562368551	22.5044922559	
2017/09/26	12:14:34	6.09177782984	6.45186220903	6.54598289181	6.7376284699	6.94214468273	7.18274122277	7.63567657234	8.14293493431	22.16927117	22.3959425897	22.4519841553	22.5930817816	22.6159097308	22.5366393909	22.5624973877	22.5048572931	
2017/09/26	12:14:36	6.09186647222	6.45187840135	6.54600607194	6.73732048199	6.94225522657	7.18285587518	7.63568267726	8.14302002349	22.1695574738	22.3962599097	22.4522823883	22.5934110309	22.6161053717	22.536620304	22.5626524689	22.5052676617	
2017/09/26	12:14:39	6.09197345471	6.45202853004	6.5460619609	6.73710587024	6.94231122833	7.18286003615	7.63588113539	8.14324176596	22.1698557068	22.395639585	22.4523778229	22.5936281445	22.6161507031	22.5370521454	22.5629196857	22.5055253351	
2017/09/26	12:14:41	6.09212671393	6.45225964877	6.54640854905	6.73705269775	6.94238841237	7.18299205032	7.63591891908	8.14326785755	22.1701849561	22.3970186145	22.4528979413	22.5938715027	22.6168545331	22.5372668732	22.5634922931	22.5055658948	
2017/09/26	12:14:43	6.09232719554	6.45222368927	6.54647005978	6.73699695238	6.9425938675	7.18313212908	7.6361638796	8.14341502359	22.170607254	22.3971379077	22.452761947	22.5938691168	22.616821131	22.5372931177	22.563652146	22.5060836273	
2017/09/26	12:14:45	6.09222367785	6.45247022861	6.54645128944	6.73695867808	6.94264953785	7.18318426147	7.6362840518	8.14344487191	22.1706096399	22.3975840643	22.453220033	22.5942126813	22.6171527661	22.5378418665	22.5636593036	22.5061528174	
2017/09/26	12:14:47	6.09238698817	6.45260256047	6.54650782199	6.7367853852	6.9425785127	7.18316181678	7.63627943832	8.14349575633	22.1709746771	22.3974409125	22.4531961743	22.5946612238	22.6173770374	22.5376247528	22.5639646942	22.5061194153	
2017/09/26	12:14:49	6.0924290749	6.45250480566	6.54667094546	6.73665972302	6.9425223435	7.18339718097	7.63650448626	8.14362300428	22.1708458405	22.3979896613	22.4535421246	22.5946993976	22.617875683	22.537796535	22.5645038995	22.5068948212	
2017/09/26	12:14:51	6.09261996478	6.45262871604	6.54677114247	6.73641057298	6.94287593892	7.18345972128	7.63653050497	8.14371166734	22.1715615997	22.3981638293	22.4536638037	22.59507875	22.6178565961	22.5381854309	22.5644728833	22.5070785327	
2017/09/26	12:14:54	6.09272944719	6.45278181314	6.54677167824	6.73647962356	6.94297205903	7.18350942043	7.6366623029	8.14389484389	22.1720960333	22.3987698389	22.4543008295	22.5954103851	22.6179925903	22.5383118817	22.5651934143	22.5071739673	
2017/09/26	12:14:56	6.09278412043	6.45278504904	6.54691970764	6.73632947401	6.94315509852	7.18363378311	7.6367749529	8.14405926356	22.1723226904	22.3987889258	22.4545060138	22.5959495905	22.6183480841	22.5384526477	22.5653031641	22.5076225098	
2017/09/26	12:14:59	6.09283530956	6.45296043168	6.54705331863	6.73625622538	6.94318608095	7.18371899322	7.63706001835	8.14400813473	22.1725302606	22.3993543756	22.4547541437	22.5959424329	22.6185150946	22.5391206897	22.5660618689	22.5081473999	
2017/09/26	12:15:01	6.09293453799	6.45294945694	6.5471521722	6.73634258896	6.94318850075	7.18381840703	7.63687765878	8.14422195687	22.1732388623	22.3994283374	22.4549497845	22.5964577795	22.618632002	22.5387079352	22.5661191296	22.5081927313	
2017/09/26	12:15:03	6.09285590477	6.45294934447	6.54716607941	6.73621952528	6.94329818912	7.18391598336	7.63707172096	8.14428928357	22.1731720581	22.3997122552	22.4553267511	22.5967607843	22.6187298224	22.5391612494	22.5664316779	22.5083716711	
2017/09/26	12:15:06	6.09317444847	6.4531358567	6.54712353329	6.73601739431	6.94328962607	7.18394155185	7.63722698688	8.14437352032	22.1739069043	22.400208515	22.455329137	22.5972140985	22.619071001	22.5392256677	22.5667418402	22.5083024811	
2017/09/26	12:15:08	6.09314793678	6.45318983787	6.54741685975	6.73604759999	6.94349783467	7.18409472026	7.63726230008	8.14442529485	22.1744866693	22.4003182648	22.4560544397	22.5976411682	22.6192618701	22.539643194	22.5671068774	22.5090492566	
2017/09/26	12:15:11	6.09320960028	6.45331971418	6.54746564972	6.73584483952	6.94354729222	7.18418341994	7.6373454466	8.14452311959	22.1747228699	22.4008097528	22.4560759125	22.5976817279	22.6195076141	22.5398579218	22.5673526215	22.5093546472	
2017/09/26	12:15:13	6.09330695194	6.45345987377	6.54770019851	6.7358769238	6.94358750927	7.18429233375	7.63749266544	8.14463606401	22.1750568909	22.4012773822	22.4567797424	22.5983569275	22.6197843744	22.5403398663	22.5678226367	22.5094262231	
2017/09/26	12:15:15	6.09338499178	6.45342931826	6.54777029413	6.73558760621	6.943888866	7.1843882348	7.63738898024	8.14461415078	22.1757869653	22.4019382666	22.4570087854	22.5986885626	22.620125553	22.5405999255	22.5685145374	22.510096651	
2017/09/26	12:15:17	6.09348579506	6.45353572542	6.5478205648	6.73576180216	6.94383196384	7.18449647084	7.63745098095	8.14475509692	22.1756939166	22.4016376477	22.4570374158	22.5987672961	22.6200706781	22.5402277307	22.5680707666	22.5096528802	
2017/09/26	12:15:20	6.0934932625	6.4536787065	6.5478357168	6.73571549096	6.94401210581	7.18447324167	7.6376231841	8.1447851633	22.1757034601	22.4018022723	22.4572330566	22.5989438501	22.6203402808	22.5407001318	22.5683689996	22.5099821295	
2017/09/26	12:15:23	6.09371569059	6.45381065627	6.54784412628	6.73567185398	6.94407469533	7.18460781015	7.63776741537	8.14504103367	22.1762522089	22.4021434509	22.4572760022	22.5993637622	22.6207100897	22.5405903821	22.5686576892	22.5103113788	
2017/09/26	12:15:24	6.09380576927	6.45392094547	6.54812400152	6.73558217053	6.94422182966	7.18467432312	7.63774191465	8.14509743353	22.1770443158	22.4026707269	22.4579679028	22.5994615826	22.6214401642	22.5415447278	22.5688557159	22.5105833673	
2017/09/26	12:15:27	6.09372880382	6.45403690666	6.54795102417	6.73566610904	6.94421432176	7.18476405748	7.63792391724	8.14495427835	22.1769297943	22.4029260144	22.4581110547	22.599719256	22.6210250238	22.5415805157	22.5691038458	22.5105237207	
2017/09/26	12:15:29	6.09383562088	6.45409964627	6.54818971944	6.73560354569	6.94421508909	7.18495118891	7.63802800129	8.14533741067	22.1770801038	22.4029832751	22.4585142657	22.5998051471	22.6216930658	22.541664021	22.5690776013	22.5110390674	
2017/09/26	12:15:33	6.09386980197	6.45416756647	6.54818883098	6.7355075915	6.94445158395	7.18512246991	7.63819107279	8.14548754743	22.1776097656	22.4036155292	22.4589628082	22.6001105377	22.6220390161	22.5421936829	22.5697098553	22.5116403052	
2017/09/26	12:15:36	6.09408186617	6.45421188989	6.54839436212	6.73541252202	6.94456637452	7.18505468439	7.63822776994	8.14543702654	22.1781919165	22.4039734088	22.4593827203	22.6002346027	22.6221225214	22.5425945081	22.5700701208	22.5120196576	
2017/09/26	12:15:38	6.09414451715	6.45429922608	6.54858736949	6.73548739092	6.94467064141	7.1852801957	7.63844328812	8.14561103049	22.1785903558	22.4044529675	22.4594829266	22.6009265033	22.6227428461	22.5429690887	22.5703421094	22.5118932068	
2017/09/26	12:15:40	6.09418491148	6.45441345524	6.54850268503	6.73551406064	6.94465712708	7.18533508574	7.63844358871	8.14577151618	22.1789005182	22.4048251624	22.4594471387	22.6010434106	22.6227881775	22.543474892	22.5707047607	22.511960011	
2017/09/26	12:15:42	6.09425669976	6.45446604563	6.54853454817	6.73572900799	6.94478867507	7.18546826945	7.63858124189	8.14571157018	22.179308501	22.4052856342	22.4600603058	22.6010744269	22.6227380743	22.5434653485	22.5708383691	22.5124109393	
2017/09/26	12:15:45	6.09429841008	6.45461787176	6.54856860145	6.73548699787	6.94472150039	7.18547584343	7.63866167081	8.14588584732	22.1788933606	22.4051734985	22.4600197461	22.6017376971	22.6228287372	22.5434653485	22.5707143042	22.51271633	
2017/09/26	12:15:47	6.09446543005	6.45455922244	6.54870330262	6.73554701714	6.94483331302	7.18562337399	7.63880148867	8.14604160901	22.1797021686	22.4054526447	22.4605851959	22.6019905988	22.6233345404	22.5442383685	22.5710459393	22.5125874933	
2017/09/26	12:15:49	6.09457602584	6.45457075128	6.54897021052	6.7355416631	6.94504567718	7.18565164629	7.63887899916	8.14629853681	22.180415542	22.405939361	22.4607259619	22.6022721307	22.6236685614	22.5442526837	22.5717473834	22.5133915295	
2017/09/26	12:15:51	6.09464155345	6.45465797896	6.54893992031	6.73557281613	6.9451720444	7.18575528236	7.63897708459	8.14613452728	22.1803582813	22.4057914374	22.4609025159	22.6025417334	22.6234180457	22.5448205194	22.5717736279	22.5131314703	
2017/09/26	12:15:54	6.09470067837	6.45478713386	6.54884006516	6.73557121724	6.94506579146	7.18578841468	7.63904177614	8.14622406316	22.1806374274	22.4059990076	22.4612031348	22.6025345758	22.6240121259	22.5452332739	22.5716638782	22.5136659039	
2017/09/26	12:15:56	6.09488216023	6.45493080528	6.54912405126	6.73552563728	6.94529434604	7.18586507436	7.63900270737	8.1463564082	22.1811503882	22.4064594794	22.4617471118	22.6031214984	22.6242316254	22.5457700934	22.5725895935	22.5138018982	
2017/09/26	12:15:58	6.09488660266	6.4548821682	6.54908882601	6.73552314342	6.94550383402	7.18617604412	7.63907461967	8.14637092286	22.181627561	22.4072134125	22.4619785406	22.6033099817	22.6244511249	22.5456698871	22.5730118915	22.5140094684	
2017/09/26	12:16:00	6.0948663808	6.455051548	6.54914002856	6.73556830167	6.94548724967	7.18623685048	7.63910560326	8.14652363531	22.1815559851	22.4070798041	22.4616588348	22.603655932	22.6243246741	22.5459848212	22.5729164569	22.5143768915	
2017/09/26	12:16:02	6.09489241473	6.45510195663	6.5493084437	6.73561434868	6.94547226126	7.1861343795	7.63930444799	8.14660119987	22.1818756909	22.4076762701	22.4621861108	22.6039780237	22.6244415814	22.5463999615	22.5733005811	22.5147610156	
2017/09/26	12:16:05	6.09502903588	6.45507496652	6.54939756458	6.73556749303	6.94565799233	7.1862732918	7.63924669575	8.14674055034	22.1819925983	22.4074877869	22.4623841376	22.6041140179	22.6246515375	22.5466194611	22.573775368	22.5150807214	
2017/09/26	12:16:07	6.09512335031	6.45505618968	6.54935536415	6.73565504869	6.94569275856	7.18641678469	7.63946614551	8.14677156356	22.1823194617	22.4082751221	22.4625893219	22.6043001154	22.624959314	22.5469773407	22.5739710089	22.5155411932	
2017/09/26	12:16:10	6.09520096188	6.45518752599	6.54947793266	6.73571819575	6.94575637118	7.18634296739	7.63950215857	8.14678114694	22.1826773413	22.408346698	22.4630283209	22.6046365222	22.6250404333	22.5468222595	22.5741738074	22.5156557147	
2017/09/26	12:16:12	6.09534638401	6.45530610111	6.54953416398	6.73549430003	6.94571506494	7.18655993538	7.63958306482	8.14703136212	22.1827751617	22.408523252	22.4632478204	22.604710484	22.6252480035	22.5475117743	22.5745650891	22.5156270844	
2017/09/26	12:16:15	6.09544590144	6.4554244904	6.54956837911	6.73554714304	6.94599214492	7.18645575181	7.63965334816	8.14717037115	22.1829541016	22.4085494965	22.4634959503	22.6050826788	22.6255581659	22.5474425842	22.5749587567	22.5163261426	
2017/09/26	12:16:17	6.095375158	6.45535414037	6.54962866321	6.73555220683	6.94605141284	7.18655258895	7.63977516912	8.14713973861	22.1833310681	22.4089479358	22.4639683514	22.6053904553	22.6260687408	22.547955545	22.5752546039	22.5163452295	
2017/09/26	12:16:19	6.09556247164	6.45550444683	6.54973497968	6.73559202323	6.94619711289	7.18665222101	7.63990614109	8.14722093996	22.1836531598	22.4090123541	22.4641449054	22.6057841229	22.6263097131	22.5478267084	22.5754764893	22.516741283	
2017/09/26	12:16:21	6.09560658254	6.45563862457	6.54974167885	6.73559446041	6.94631294114	7.18683346028	7.63999293223	8.14729012275	22.1838869745	22.4092867285	22.4645433447	22.6060274811	22.6262166644	22.5483587561	22.575831983	22.516882049	
2017/09/26	12:16:22	6.0956064891	6.45556579269	6.54988752671	6.73578771061	6.94621146048	7.18687399707	7.63995542959	8.14729549455	22.1841112457	22.4094513531	22.4643190735	22.6063471869	22.6266580493	22.5481130121	22.5755552228	22.5176598407	
2017/09/26	12:16:24	6.09566798822	6.45574573347	6.54993690248	6.7356695825	6.9463151942	7.18682529671	7.63992752306	8.14733322012	22.184404707	22.4099595422	22.4648582788	22.6064545508	22.6267988153	22.5486927771	22.575972749	22.5174427271	
2017/09/26	12:16:26	6.09575116291	6.45571328443	6.55004966429	6.73569543706	6.94653323766	7.18699455024	7.63996202675	8.14742001791	22.1841732782	22.4097567438	22.4650539197	22.6063853607	22.6268179022	22.5486641467	22.5758415265	22.5174331836	
2017/09/26	12:16:28	6.0958054712	6.45577549766	6.55008929638	6.7359367138	6.94656040632	7.187059511	7.64005538545	8.14751613845	22.1845884186	22.4103889978	22.4651851422	22.6068649194	22.6273905096	22.5490602002	22.5761254443	22.5181584863	
2017/09/26	12:16:30	6.09586109387	6.45583449511	6.55003244097	6.73591910511	6.94639689085	7.18705511426	7.64009372749	8.14750891303	22.1845621741	22.4103603674	22.4654332721	22.6068148163	22.6272998468	22.549010097	22.5762590527	22.5181083832	
2017/09/26	12:16:32	6.0958312866	6.4557663835	6.55007463562	6.73608501542	6.94656271857	7.18706342668	7.64028479355	8.14757761268	22.1850369611	22.4105202203	22.4653688538	22.6071488373	22.6274931018	22.5497449432	22.5764212915	22.5185760126	
2017/09/26	12:16:33	6.09581745641	6.45592098704	6.55029025173	6.73607517737	6.94667006981	7.18723535845	7.64029579824	8.14756827321	22.1854163135	22.4110427246	22.4660535968	22.6074971735	22.6279726605	22.5502984637	22.5769533392	22.5187907404	
2017/09/26	12:16:35	6.09582719374	6.45595252931	6.55026927922	6.73597527863	6.94672992855	7.18722054055	7.64038446553	8.14757022773	22.1859626764	22.4108112958	22.4662516235	22.6075639777	22.6280585516	22.5500885077	22.5774997021	22.5186022571	
2017/09/26	12:16:37	6.09602230677	6.45603426697	6.55012094796	6.73617845999	6.94680019472	7.18733473565	7.64035310151	8.14761014247	22.1859913068	22.4108494696	22.466084613	22.6074065106	22.6281897742	22.5501672412	22.5771895398	22.5187215503	
2017/09/26	12:16:39	6.0961415742	6.45599619991	6.55027269414	6.73623403101	6.94673794593	7.18731146066	7.64048243781	8.14778758333	22.1863372571	22.4111143005	22.4662158356	22.6077309882	22.6283997302	22.5506014685	22.577607066	22.5193013153	
2017/09/26	12:16:41	6.09614143185	6.45616444184	6.55028063562	6.73632577217	6.94677914085	7.18752428922	7.64046412032	8.147784218	22.1870124567	22.411176333	22.4668099158	22.6082344055	22.6288220282	22.5508305115	22.5779458588	22.5192941577	
2017/09/26	12:16:43	6.09604015293	6.45625671502	6.55037699124	6.73626295474	6.94678034497	7.18748750789	7.64044291732	8.14767771408	22.1869790546	22.4112240503	22.4668170734	22.6080984113	22.6289818811	22.5507541638	22.5778599677	22.5193609619	
2017/09/26	12:16:44	6.0962559613	6.45618279867	6.55055780588	6.73637114356	6.94687804466	7.18752822536	7.64060190672	8.14795034981	22.1873154614	22.4113552728	22.4670819043	22.6083417694	22.6295950482	22.5510094513	22.578258407	22.5197498578	
2017/09/26	12:16:46	6.09632399024	6.45624514116	6.55057655875	6.73628194129	6.9470157893	7.18756607984	7.64067854231	8.1480862458	22.1871317499	22.4114387781	22.4671248499	22.6084873071	22.6293302173	22.5513888037	22.5789049762	22.5200170746	
2017/09/26	12:16:48	6.09636658468	6.45643290748	6.55071278798	6.73627084431	6.94702557801	7.1876686816	7.64078024327	8.14817898719	22.1878117212	22.4119755975	22.4670437305	22.6084968506	22.6295449451	22.5512456519	22.5788119275	22.5199454987	
2017/09/26	12:16:50	6.09647022573	6.45644389931	6.55070275339	6.73630950974	6.94712660398	7.18769729629	7.64075684601	8.1481918975	22.1879524872	22.411369588	22.4669745404	22.6086757904	22.6292634131	22.5511788477	22.5791030029	22.5200290039	
2017/09/26	12:16:52	6.09653429359	6.45636571984	6.55069594372	6.73646399073	6.94717856903	7.18779889633	7.64087937999	8.14823895555	22.1883175244	22.4119588965	22.4669387524	22.6087402087	22.6297477435	22.5516321619	22.5797209418	22.5203510956	
2017/09/26	12:16:53	6.09654241452	6.45647357324	6.55077912367	6.73643180137	6.94721134121	7.18788587112	7.64086800649	8.14829642623	22.1886658606	22.4117871143	22.4674517133	22.608506394	22.6301366394	22.5515200262	22.5791387909	22.5199836725	
2017/09/26	12:16:55	6.09669033727	6.45658122405	6.55076594158	6.73641061719	6.94723016311	7.18796453983	7.64093177344	8.14836478635	22.1886372302	22.4120758038	22.4672178986	22.6085803558	22.6301199384	22.5516273901	22.579417937	22.5204369867	
2017/09/26	12:16:57	6.09669848939	6.45663281857	6.55098464674	6.73656476324	6.94745348349	7.18795929292	7.64106349274	8.14837015601	22.1891000879	22.4124360693	22.4678239081	22.6090241266	22.6303680682	22.5518445038	22.5799022675	22.5207877087	
2017/09/26	12:16:59	6.09666311124	6.45671595931	6.55108913724	6.73668950877	6.9475776617	7.18790770423	7.64117419922	8.1484248728	22.1894531958	22.4126126233	22.4678692395	22.6088022412	22.6302988782	22.5521952258	22.580069278	22.5203009924	
2017/09/26	12:17:01	6.09681750763	6.4568252342	6.55105833843	6.73657438915	6.94753684296	7.18809463076	7.64112824203	8.14848168993	22.1893816199	22.4128488239	22.467931272	22.6093223596	22.6301151666	22.5520926337	22.580315022	22.5210573114	
2017/09/26	12:17:03	6.09677456939	6.4569155611	6.55109421046	6.7365673868	6.9475215765	7.18817521277	7.64109794353	8.14848511109	22.1899494556	22.4131422852	22.4681627008	22.6092293109	22.630635285	22.5524886871	22.5805679236	22.5211050287	
2017/09/26	12:17:04	6.09679402612	6.45687196458	6.5511821382	6.73666803186	6.9475079916	7.18834143671	7.64126345848	8.1486056953	22.1899041241	22.413461991	22.4683917438	22.6090885449	22.6307498065	22.5525936652	22.5810498682	22.521415191	
2017/09/26	12:17:06	6.09694744277	6.45699769344	6.55132078192	6.736693827	6.94763197305	7.18840076831	7.64122491491	8.14872965914	22.1904600305	22.4136099146	22.4686613464	22.6095919623	22.6307331055	22.5527105725	22.5809210315	22.5213078271	
2017/09/26	12:17:08	6.09695124637	6.45697356802	6.55113256228	6.73651067865	6.94756375085	7.18832663295	7.64145561357	8.14869619412	22.1903478949	22.4136743329	22.4684704773	22.6096802393	22.6307474207	22.5527034149	22.5814888672	22.5215249408	
2017/09/26	12:17:10	6.09705899273	6.45716081193	6.55126389364	6.73673370808	6.94769923606	7.18842088363	7.6415201679	8.14877696669	22.1908107526	22.4140322125	22.4690621716	22.60935099	22.6309215887	22.553123327	22.5816821222	22.5217301251	
2017/09/26	12:17:12	6.09714182925	6.45719340443	6.55145159828	6.73678043249	6.94768714735	7.18853185076	7.64156221265	8.14893548008	22.1909133447	22.4144425812	22.4692792853	22.6095585602	22.6310146375	22.5536267444	22.5816439484	22.5214247345	
2017/09/26	12:17:14	6.09716723769	6.45712469782	6.5513620372	6.73679581602	6.9478391905	7.18856793181	7.64152090467	8.14889912348	22.190961062	22.4142564838	22.46919578	22.6092364685	22.6312174359	22.5534501904	22.5817823285	22.521503468	
2017/09/26	12:17:15	6.09720342745	6.45722990896	6.55142510036	6.73690394311	6.94783954039	7.18859947837	7.64156919993	8.14895483624	22.1913618872	22.4147885315	22.4697683875	22.6099737006	22.6313582019	22.5537770538	22.5823048328	22.5218112445	
2017/09/26	12:17:17	6.09732443678	6.45737785405	6.55160535947	6.73682292231	6.94787723247	7.1886731331	7.64181244173	8.14905231903	22.1916386475	22.4149340692	22.4700857074	22.6100071027	22.6317399402	22.5536243585	22.5822952893	22.5222001404	
2017/09/26	12:17:19	6.09726785045	6.45736785037	6.55151748414	6.73693078862	6.94792951605	7.18869838372	7.64184178409	8.14913608657	22.191963125	22.4155448505	22.4699735718	22.6100667493	22.6318735486	22.553932135	22.5826841852	22.52255802	
2017/09/26	12:17:21	6.09732176812	6.45732471883	6.5516305181	6.73702318566	6.9480463674	7.18877453909	7.64188811934	8.14919488677	22.1924212109	22.4156116547	22.4699067676	22.6105940253	22.6321837109	22.5542422974	22.5825863647	22.522276488	
2017/09/26	12:17:23	6.09734660981	6.4573945323	6.55159793028	6.73714510323	6.94808380384	7.18868176899	7.64193283746	8.14922292885	22.1927409167	22.4156140405	22.4702980493	22.6100929938	22.6319498962	22.5539893958	22.5827509894	22.5222263849	
2017/09/26	12:17:25	6.09753348939	6.45747416082	6.55178983402	6.73715854643	6.948118196	7.18877384114	7.64184228667	8.14919182125	22.1931321985	22.4163321857	22.4706774017	22.6105343787	22.6321765533	22.5542756995	22.5829776465	22.5227703619	
2017/09/26	12:17:26	6.09753838339	6.45759258081	6.55181216518	6.73713577473	6.94824497255	7.18889446005	7.64194542517	8.14922407606	22.1934638336	22.4159385181	22.4707847656	22.6103673682	22.6324366125	22.5541683356	22.5830158203	22.5228777258	
2017/09/26	12:17:28	6.09751362228	6.45754329248	6.55178328861	6.7371576308	6.94821910349	7.18895546995	7.64206266927	8.14947881996	22.193738208	22.416747326	22.4711951343	22.6108683997	22.6330426221	22.5547648016	22.5835574115	22.5230829102	
2017/09/26	12:17:30	6.09765156356	6.45778068104	6.55179706987	6.73726210066	6.94830457915	7.18900925348	7.64218913368	8.14944129741	22.1937620667	22.4165039679	22.4710209662	22.6107777368	22.6330235352	22.5551536975	22.5832305481	22.523032807	
2017/09/26	12:17:32	6.09782639838	6.45773659851	6.55190659894	6.73728447822	6.94840775786	7.18913321489	7.64231018623	8.14951517203	22.1942797992	22.4174821722	22.4712452374	22.6113789746	22.6333265399	22.554986687	22.5836790906	22.5231019971	
2017/09/26	12:17:34	6.09782953949	6.45770854642	6.5519918378	6.73729789386	6.94851127807	7.1891683602	7.64231906701	8.14946477241	22.1946162061	22.4171219067	22.4716532202	22.6116127893	22.6336748761	22.5554471588	22.5837291937	22.523366828	
2017/09/26	12:17:36	6.09775750559	6.45784252724	6.55210126899	6.73733608191	6.94878420959	7.18935762981	7.64237254238	8.1495697483	22.1942702557	22.4176062372	22.4718488611	22.6116032458	22.6334506049	22.5554686316	22.5838628021	22.5236459741	
2017/09/26	12:17:37	6.09785463473	6.45785267618	6.55212763556	6.73730793979	6.94868210119	7.18924506486	7.64218210025	8.1495341576	22.1948905804	22.4175489764	22.4717510406	22.611495882	22.6339969678	22.5556404138	22.583881889	22.5237652673	
2017/09/26	12:17:39	6.09800512116	6.45787805026	6.5520944568	6.73742072317	6.94863133078	7.18920388768	7.64237070644	8.1496496949	22.1952484601	22.4180738666	22.4721113062	22.6117654846	22.6337655389	22.5556093976	22.5841276331	22.5238678595	
2017/09/26	12:17:41	6.0980660562	6.45798230935	6.55215499046	6.73750849488	6.9486422912	7.18922539675	7.64241579834	8.14973460339	22.1951363245	22.4183386975	22.4721924255	22.6119802124	22.6338371149	22.5556690442	22.5840536713	22.5241541632	
2017/09/26	12:17:43	6.09798853908	6.45801362162	6.55210313133	6.73753090852	6.94874895785	7.18937888761	7.6425036222	8.14978419454	22.1952007428	22.4186584033	22.4720635889	22.6118489899	22.6336128436	22.5559076306	22.5842922577	22.5236459741	
2017/09/26	12:17:45	6.09808297663	6.45810822101	6.5522951508	6.73772082473	6.94874603227	7.18936096759	7.64274104176	8.14981979149	22.1957017743	22.4189351636	22.4722854742	22.6120112286	22.6340733154	22.556234494	22.5844234802	22.5245120428	
2017/09/26	12:17:46	6.09816045996	6.45826272039	6.55231792201	6.73779085317	6.94889352598	7.18949602622	7.64265638416	8.14980218212	22.195759035	22.4193813202	22.4721995831	22.6122522009	22.6341281903	22.5564134338	22.5845833331	22.5241708643	
2017/09/26	12:17:48	6.0981953097	6.45816300171	6.55251407232	6.73774745055	6.94885328902	7.18960426857	7.64300017944	8.14991816213	22.196093056	22.4193550757	22.4728103644	22.612953645	22.6344932275	22.5565828302	22.5852251306	22.5245645319	
2017/09/26	12:17:50	6.0982701416	6.45828281814	6.55247735824	6.73777783578	6.94892518725	7.18960304815	7.64286177731	8.15001831467	22.1963674304	22.419806004	22.4728604675	22.6126983575	22.63487258	22.5570862476	22.5854398584	22.5245359015	
2017/09/26	12:17:52	6.09823360983	6.45829092322	6.55268253078	6.73785213643	6.94910766511	7.18968828376	7.64296470682	8.15005640886	22.196567843	22.4196986401	22.4733280969	22.6130013623	22.6351541119	22.5571220355	22.5855782385	22.5249605853	
2017/09/26	12:17:54	6.09833441311	6.45853250479	6.55267099553	6.73791832207	6.94909673545	7.18973935554	7.64309422771	8.15006199477	22.1965702289	22.41994677	22.4733591132	22.6129703461	22.6352280737	22.5573057471	22.5859886072	22.5250130743	
2017/09/26	12:17:56	6.09830390336	6.45846619527	6.55261169784	6.73772522074	6.94922116738	7.18973833123	7.64302841399	8.15017205785	22.1971094342	22.4202187585	22.4737241504	22.6129679602	22.6354284863	22.5572317853	22.5859456616	22.5252755194	
2017/09/26	12:17:57	6.0984167265	6.45846816298	6.55285321439	6.73783418388	6.94914096855	7.18981864329	7.6430671523	8.15028981149	22.1972502002	22.420667301	22.4739985248	22.6140821588	22.635786366	22.5572103125	22.5862295795	22.5255212634	
2017/09/26	12:17:59	6.09853677556	6.45858581018	6.55279036186	6.73794914141	6.94923651926	7.18994972579	7.64308396136	8.15036689263	22.1972740588	22.4204859753	22.4739722803	22.6145760327	22.6359414471	22.5574274261	22.5864896387	22.5255427362	
2017/09/26	12:18:01	6.0985934928	6.45857309764	6.55271947286	6.73809201655	6.94925255611	7.18992861856	7.64322389225	8.15029717952	22.1975031018	22.4208486267	22.4740152258	22.613955708	22.6361681042	22.5579618597	22.5866757361	22.5253614105	
2017/09/26	12:18:03	6.09858712222	6.45869960393	6.55298472576	6.73812701933	6.94938662729	7.19006725709	7.6431742368	8.15053542462	22.1977488458	22.4212566095	22.4744255945	22.6139962677	22.6359032733	22.5581765875	22.5866757361	22.5255761383	
2017/09/26	12:18:05	6.098688656	6.45862963325	6.55301079111	6.73811569151	6.94938194942	7.18997766209	7.6432303567	8.15055506989	22.1980685516	22.4212804681	22.4748693652	22.6144615112	22.6367597986	22.5582863373	22.5867831	22.5258385834	
2017/09/26	12:18:07	6.09872663133	6.45880713001	6.55310891789	6.73817793467	6.94937078099	7.19003796626	7.64329627311	8.15051806695	22.1985003931	22.4214975818	22.4751580548	22.6146786249	22.6369435101	22.558660918	22.5873223053	22.5262871259	
2017/09/26	12:18:08	6.09859619224	6.45880696076	6.55297992603	6.7383230084	6.9495525007	7.19018240011	7.64337397137	8.15057522676	22.1988057837	22.421915108	22.4752367883	22.6148504071	22.6374230688	22.5591452484	22.5874058105	22.5264016473	
2017/09/26	12:18:10	6.09862155986	6.45879170297	6.55300556352	6.73842212256	6.9495542442	7.19018015143	7.6434063615	8.15059323313	22.1985170941	22.421564386	22.4752940491	22.6147430432	22.6373872809	22.5584939075	22.5870837189	22.5262728107	
2017/09/26	12:18:12	6.09872934092	6.4590434136	6.55314271984	6.7383561339	6.9496193014	7.19036911895	7.64346133505	8.1507632413	22.199063457	22.4221298358	22.4756972601	22.6146118207	22.6376759705	22.5585702551	22.5872602728	22.5263467725	
2017/09/26	12:18:14	6.09890121852	6.45901812541	6.55314528038	6.73850267302	6.94973038313	7.19038653715	7.64348609925	8.15078506832	22.199521543	22.4222133411	22.4760670691	22.6154945905	22.6378334375	22.5583984729	22.587766076	22.5267475977	
2017/09/26	12:18:16	6.09890366778	6.4589383432	6.55316041214	6.73851715868	6.94974520067	7.19033646989	7.64349273752	8.15087869289	22.1996718524	22.4224018243	22.4761028571	22.6155089056	22.6378668396	22.5586990918	22.5877684619	22.5265686578	
2017/09/26	12:18:17	6.09904268362	6.45917774883	6.55319644217	6.73852098076	6.94979737021	7.19047342605	7.64366625332	8.15096683792	22.2001848132	22.4225354327	22.4763080414	22.6159192743	22.6375924652	22.5593552045	22.5879235431	22.527041059	
2017/09/26	12:18:19	6.09902806229	6.45918245625	6.55339851836	6.73860961501	6.94991178018	7.19041101317	7.64381288602	8.1510207098	22.2003804541	22.4228432092	22.4767279535	22.6159813068	22.6383487842	22.5593647479	22.5882814227	22.5272247705	
2017/09/26	12:18:21	6.09913324357	6.45920005155	6.55341867333	6.7385864472	6.95004743353	7.19054807237	7.64385988201	8.15107314472	22.2005832526	22.4231414423	22.4768305457	22.6162795398	22.638105426	22.5596534375	22.5884985364	22.5271436511	
2017/09/26	12:18:23	6.09899993392	6.45923640018	6.55338771153	6.73869588297	6.95000922878	7.19066345705	7.64377112557	8.15100085766	22.2011081427	22.4232154041	22.4767923718	22.6161387738	22.638017149	22.5592884003	22.5886154437	22.5270649176	
2017/09/26	12:18:25	6.09916963452	6.45925113137	6.55349438952	6.73871494083	6.95015702087	7.19067176141	7.64384840187	8.15107475846	22.2012155066	22.4235279523	22.4767971436	22.6160194806	22.6381746161	22.5595770898	22.5885772699	22.5272032977	
2017/09/26	12:18:27	6.09925881009	6.45936347313	6.55342914529	6.73865387181	6.95007720152	7.19074720191	7.64392690644	8.15126829005	22.2021245209	22.423902533	22.477193197	22.6165061969	22.6386613324	22.560013703	22.5887061066	22.5274538135	
2017/09/26	12:18:28	6.09923261253	6.45943894592	6.55351722985	6.73867551225	6.95024576259	7.19074188359	7.6440880806	8.15130932448	22.2023034607	22.423725979	22.4773959955	22.6166493488	22.6387305225	22.5601258386	22.5886941772	22.5275969653	
2017/09/26	12:18:30	6.09926565823	6.45953193711	6.5536176786	6.73872560762	6.95037925676	7.19080995617	7.64396314837	8.15135854431	22.2027615466	22.4239788806	22.4775987939	22.6166588922	22.6385778271	22.5598276056	22.5889399213	22.5277592041	
2017/09/26	12:18:32	6.09928718996	6.4594779956	6.55362059909	6.73875814575	6.95047074036	7.19096550717	7.64390299374	8.15135987362	22.2025492047	22.4243296027	22.4779375867	22.6168760059	22.6386804193	22.5602475177	22.5890234265	22.5281075403	
2017/09/26	12:18:34	6.09947929707	6.45954139746	6.55370993157	6.73869789583	6.95041019244	7.19117069098	7.64416024547	8.15136091072	22.2028593671	22.4245061566	22.4778182935	22.6172983038	22.6387543811	22.5601496973	22.5895363873	22.5281528717	
2017/09/26	12:18:36	6.09945301318	6.45940688866	6.5538931179	6.73884729542	6.95047740883	7.19116827085	7.64436807877	8.15144012653	22.2029953613	22.4252243018	22.4780043909	22.6176490259	22.6392196246	22.5601425397	22.5894385669	22.5283389691	
2017/09/26	12:18:38	6.09961945822	6.45956968153	6.55386152985	6.73890301695	6.95055355784	7.19126631287	7.64430966794	8.15162687158	22.2033818713	22.4253054211	22.4781976459	22.6173818091	22.6392673419	22.560436001	22.5895984198	22.5286658325	
2017/09/26	12:18:39	6.09966340342	6.4596809984	6.55399311609	6.7391087677	6.95063540779	7.19131892527	7.64430954773	8.15142456848	22.2034677625	22.4252147583	22.4784147595	22.6176895856	22.6392387115	22.560858299	22.5897749738	22.5288400006	
2017/09/26	12:18:41	6.09960130023	6.45978244497	6.55393412719	6.73906347424	6.95064959409	7.19118612107	7.64437094995	8.1516408017	22.2039139191	22.4252338452	22.4784433899	22.6177492322	22.6392983582	22.5606006256	22.5899897015	22.5291859509	
2017/09/26	12:18:43	6.09972696607	6.45994377577	6.55404752043	6.739039989	6.95057053214	7.19142848986	7.64429313502	8.15172134736	22.2042073804	22.4255774097	22.4788800031	22.6180212207	22.639775531	22.5613641022	22.5903404236	22.5294579395	
2017/09/26	12:18:45	6.0996254463	6.45988598023	6.55419825635	6.73893458851	6.95077657391	7.19136495203	7.64440394346	8.15178946456	22.2045986621	22.4259686914	22.479004068	22.6180045197	22.6397898462	22.5618579761	22.5902640759	22.5294507819	
2017/09/26	12:18:47	6.09964694881	6.45980598527	6.55423999744	6.73908569344	6.95081972506	7.19154594993	7.64453715409	8.15167617261	22.2043982495	22.4259090448	22.4790684863	22.6177492322	22.6395130859	22.5615000964	22.5902115869	22.5294627112	
2017/09/26	12:18:49	6.09976198764	6.45979992739	6.55423085374	6.73908487426	6.95084183796	7.19150279104	7.64455496934	8.15182935851	22.204863493	22.4262239789	22.4790541711	22.61803315	22.6400117316	22.5620607745	22.5903833691	22.5297967322	
2017/09/26	12:18:50	6.09981502963	6.4600679617	6.55433390689	6.73926107001	6.95090532013	7.19148422791	7.64466430251	8.15181041406	22.205584024	22.4266057172	22.4792712848	22.6181882312	22.6401071661	22.5619200085	22.5906529718	22.5298611505	
2017/09/26	12:18:52	6.09985142845	6.46011941176	6.5543257409	6.73945974013	6.95097153522	7.19160180977	7.64471619575	8.15187703369	22.2056341272	22.4267584125	22.4797317566	22.6185651978	22.6405652521	22.5623900238	22.5909893787	22.5297776453	
2017/09/26	12:18:54	6.09997009101	6.46014045081	6.55442235753	6.73939241618	6.9510049875	7.19158670995	7.644852325	8.15194263289	22.2063260278	22.4266319617	22.4800252179	22.6186654041	22.6408086102	22.5624281976	22.5911086719	22.5303073071	
2017/09/26	12:18:56	6.09992607143	6.46023460813	6.55445210727	6.73960132048	6.95101286963	7.1916179756	7.64472361898	8.1521172339	22.2066242609	22.42740021	22.4805787384	22.6186367737	22.641147403	22.5630031909	22.591387818	22.5303287799	
2017/09/26	12:18:58	6.09993933314	6.46020560887	6.55437767582	6.73951132811	6.95107319468	7.1916465332	7.64488006666	8.152139066	22.2064381635	22.427276145	22.4801063373	22.6186463171	22.6408396265	22.5626429254	22.5915691437	22.5303693396	
2017/09/26	12:19:00	6.10008292235	6.46039223902	6.55463707266	6.73956038169	6.95103291935	7.19174944853	7.64483787251	8.15211254696	22.2072875311	22.4276006226	22.4809843353	22.6191926801	22.6414193915	22.5632727936	22.5915548285	22.5308274255	
2017/09/26	12:19:01	6.10019551857	6.46033379532	6.55452800746	6.73979485251	6.95104954726	7.19185294232	7.64494819773	8.15221470572	22.2069415808	22.4279847467	22.4811823621	22.6190256696	22.6415673151	22.5632179187	22.5919914417	22.530748692	
2017/09/26	12:19:03	6.10016878573	6.46038529342	6.55467947113	6.73974778476	6.95130591785	7.19194301287	7.64501582823	8.15226810448	22.2073018463	22.4280181488	22.4813398291	22.6191020172	22.641848847	22.5633944727	22.5923135333	22.5311948486	
2017/09/26	12:19:05	6.10016288525	6.46043552139	6.55457070862	6.73974695554	6.95127686934	7.19194297586	7.64499336141	8.15218713243	22.2076883563	22.4283235394	22.4811537317	22.6191807507	22.641199892	22.5638024554	22.5926666412	22.5310278381	
2017/09/26	12:19:07	6.10024430538	6.46040088752	6.55465670828	6.73979589335	6.95137323277	7.19201709333	7.64495157372	8.15231672658	22.2079508014	22.4285859845	22.481253938	22.6191473486	22.6419657544	22.5639026617	22.5929004559	22.5310445392	
2017/09/26	12:19:09	6.10033084177	6.46039397634	6.55481154866	6.74000318507	6.95155335755	7.19210160134	7.64515920271	8.15240088774	22.2077861768	22.4285525824	22.4816690784	22.6192666418	22.6419824554	22.5640314984	22.5932249335	22.531030224	
2017/09/26	12:19:11	6.10049196528	6.46048053448	6.55488754226	6.73989248231	6.95142270524	7.19209862769	7.64527845788	8.15236827494	22.2082418768	22.4287410657	22.481499682	22.6193811633	22.6420564172	22.564267699	22.593461134	22.5312998267	
2017/09/26	12:19:12	6.10047904911	6.46065076389	6.55485218047	6.73996967791	6.95165601347	7.19214669918	7.64537807266	8.15241254154	22.2087572235	22.4290822443	22.4817597412	22.6197056409	22.6428604535	22.5644299377	22.5938882037	22.5318581189	
2017/09/26	12:19:14	6.10064284647	6.46073627124	6.55486920816	6.73999211912	6.95147119412	7.19240354772	7.64543004631	8.15271238617	22.2093298309	22.4291633636	22.4820460449	22.6196722388	22.6427864917	22.5647544153	22.5937211932	22.5321134064	
2017/09/26	12:19:16	6.10056370929	6.46067861322	6.55504764938	6.74000377367	6.95155781719	7.19241094927	7.64528265435	8.15258087669	22.2093847058	22.4291800647	22.4822965607	22.6196579236	22.6430298499	22.5646995404	22.5941601923	22.5323233624	
2017/09/26	12:19:18	6.10057540072	6.4607649548	6.55506499612	6.73996905035	6.95168254349	7.19239725503	7.64529009803	8.15264906296	22.2095111566	22.4297168842	22.4823108759	22.6195601031	22.6430966541	22.5650216321	22.5941434912	22.5321945258	
2017/09/26	12:19:20	6.10066706276	6.46073918411	6.5551125458	6.74024104604	6.95178660499	7.19254428299	7.64534638722	8.15266278712	22.2098976666	22.4297836884	22.4828286084	22.6197509723	22.6430298499	22.565250675	22.5944345667	22.5322923462	
2017/09/26	12:19:21	6.10070962239	6.46073188925	6.55520014933	6.74035212547	6.95173174666	7.19242706878	7.64543663904	8.15270237161	22.2102102148	22.4298409491	22.4831721729	22.6198273199	22.6429630457	22.5653699683	22.5947781311	22.532595351	
2017/09/26	12:19:24	6.10071720757	6.46088898817	6.55516541081	6.74020444994	6.95179672772	7.19256737855	7.64547457602	8.15279186501	22.2104559589	22.4299554706	22.4834203027	22.619860722	22.6430059912	22.5659044019	22.594728028	22.532893584	
2017/09/26	12:19:26	6.10078594972	6.46087985963	6.55519334894	6.7403226246	6.95209192458	7.19260986307	7.64569775208	8.15285137526	22.2113912177	22.4307284906	22.483608786	22.6204500305	22.6437098212	22.5659521191	22.5952052008	22.5332681647	
2017/09/26	12:19:29	6.10083028445	6.46092622816	6.55536213882	6.74040768033	6.95224711733	7.19271155075	7.64554979182	8.1528778295	22.2115916302	22.4306497571	22.4835109656	22.6203378949	22.6438124133	22.5663219281	22.5951169238	22.5330963824	
2017/09/26	12:19:31	6.10111210369	6.46109424953	6.55523619728	6.74040288873	6.95213478477	7.19283349727	7.64565763733	8.15303480787	22.2120783466	22.4312175928	22.4835682263	22.6205836389	22.6445257867	22.5666153894	22.5954414014	22.5335950281	
2017/09/26	12:19:33	6.101057399	6.46117250811	6.55521245343	6.74049441986	6.9521791375	7.19291855523	7.64586338408	8.15315420285	22.2121308356	22.4311579462	22.4837924976	22.6207458777	22.6448955957	22.5672309424	22.595799281	22.5335759412	
2017/09/26	12:19:35	6.10117658721	6.46126793347	6.55534247774	6.74052178172	6.95221159543	7.19299937502	7.64587032773	8.15300355507	22.2123407916	22.4313869891	22.4837877258	22.6204524164	22.6446927972	22.5672142413	22.5962931549	22.5335282239	
2017/09/26	12:19:37	6.10230492754	6.46138833935	6.5557056006	6.7407420906	6.95231302074	7.19337055194	7.64573674558	8.15248064168	22.2124600848	22.4316804504	22.4838569159	22.6206432855	22.6449361554	22.5671593665	22.5966486487	22.5334232458	
2017/09/26	12:19:39	6.14562154558	6.47592394146	6.55636618433	6.74035658564	6.95173887105	7.19055793229	7.63458194128	8.10901911378	22.2132927515	22.4324725574	22.4842577411	22.6211371594	22.6451651984	22.5678059357	22.596765556	22.53419388	
2017/09/26	12:19:41	6.23447261822	6.52101277683	6.56923963049	6.74013927247	6.94784636211	7.17983815492	7.59394697884	8.02021294364	22.2129611163	22.4323771228	22.4840501709	22.6207458777	22.6452749481	22.5675792786	22.5970685608	22.5339552936	
2017/09/26	12:19:43	6.34238667382	6.59442545653	6.60304550726	6.74055487733	6.93971497649	7.15648575561	7.52289616681	7.91187230845	22.2135337238	22.4324725574	22.4845869904	22.6213232568	22.6454825183	22.5679419299	22.5971043488	22.5346233356	
2017/09/26	12:19:45	6.43208666184	6.67595421796	6.65598565585	6.74114594621	6.92721952693	7.12064888144	7.44050616847	7.82213786706	22.2131567572	22.4320812756	22.4842171814	22.6210345673	22.6458905011	22.5676222241	22.5970184576	22.5344873413	
2017/09/26	12:19:47	6.51621255147	6.76288963571	6.72632820428	6.74254028166	6.90951650757	7.06857454151	7.35435934484	7.74001351309	22.2139297772	22.4326395679	22.4849281689	22.6216644354	22.6458857294	22.5682425488	22.5975672064	22.5347187701	
2017/09/26	12:19:49	6.57320652267	6.81549905161	6.76948396366	6.74381202714	6.89612564521	7.0270995032	7.30811328692	7.68954230303	22.2141826788	22.4328924695	22.4848828375	22.6220175433	22.6459000446	22.568450119	22.5976745703	22.5350623346	
2017/09/26	12:19:51	6.60913779525	6.84201853336	6.78501886992	6.74498846429	6.88806235838	7.00162138845	7.28940384183	7.66335594677	22.2147266559	22.433006991	22.4846800391	22.6221344507	22.6459954791	22.5685765698	22.5977914777	22.5355251923	
2017/09/26	12:19:53	6.6243211287	6.85033568868	6.78323054678	6.7462155573	6.88481159388	6.98981970728	7.28583226627	7.65878855514	22.2149938727	22.4333672565	22.4846824249	22.6222895319	22.6461123865	22.5689678516	22.5979036133	22.535424986	
2017/09/26	12:19:55	6.61348380741	6.84115574445	6.77662407491	6.74733560042	6.88589431765	6.99186483321	7.29446666756	7.67343014595	22.2149270685	22.4336583319	22.4851595978	22.6221010486	22.6459215173	22.5691467914	22.5982495636	22.5355752954	
2017/09/26	12:19:57	6.59174771087	6.82504613268	6.76986475954	6.74833888182	6.88975076509	6.99909896144	7.30903268207	7.69149549188	22.215375611	22.4337060492	22.4850021307	22.6219960706	22.6462149786	22.5693495898	22.5988388721	22.5355919965	
2017/09/26	12:19:59	6.5684129686	6.80712997246	6.76075926045	6.74909347421	6.89460556037	7.00881744896	7.32614832226	7.70938743629	22.215690545	22.4338611304	22.4856988031	22.6227834058	22.6469426672	22.5696263501	22.5991681213	22.5359785065	
2017/09/26	12:20:01	6.54895334508	6.79067412918	6.74977056992	6.74994105039	6.89938641399	7.01902719811	7.34104233294	7.72514427618	22.2154209424	22.4342213959	22.4854435156	22.6226402539	22.6467899719	22.5695738611	22.5988794318	22.5357566211	
2017/09/26	12:20:02	6.54120144634	6.78364066783	6.74430161287	6.75039078804	6.9009865152	7.02384138267	7.34712950935	7.73210625415	22.2153994696	22.4343144446	22.4851691412	22.622990976	22.6467804285	22.5696191925	22.5991585779	22.5357900232	
2017/09/26	12:20:03	6.53472497565	6.77725787804	6.73914226584	6.7507632316	6.90242222143	7.02838564845	7.35260273974	7.73870741837	22.2154376434	22.4343931781	22.4854315863	22.6230506226	22.6471669385	22.5699126538	22.5989510077	22.5354583881	
2017/09/26	12:20:04	6.52999998627	6.77255256693	6.73527798972	6.75137772811	6.9029884787	7.03217135915	7.3565991289	7.74367151682	22.2159816205	22.4345482593	22.4857417487	22.6234920074	22.6474890302	22.5700367188	22.5993947784	22.5359952075	
2017/09/26	12:20:06	6.52622074359	6.76882691112	6.732425924	6.75187569544	6.90281136994	7.0350109811	7.3595518075	7.74740628902	22.216289397	22.4345601886	22.4859159167	22.6232152472	22.647877926	22.5698649365	22.5993446753	22.5360954138	
2017/09/26	12:20:07	6.52441942015	6.7674819225	6.73139095962	6.75216443233	6.90243978108	7.0364276284	7.36095851145	7.74905489546	22.2164778802	22.4345625745	22.4857250476	22.6232510352	22.6475629919	22.5701965717	22.5991323334	22.5357947949	
2017/09/26	12:20:08	6.52426431888	6.76735763553	6.73143761077	6.75276783201	6.90210288136	7.03692127779	7.36117654626	7.74904208524	22.2167689557	22.4352759479	22.4864813666	22.6237496808	22.6479518878	22.5703969843	22.5997956036	22.5366298474	
2017/09/26	12:20:09	6.52486319963	6.76816838838	6.73228541743	6.75314822218	6.90171821769	7.03685079389	7.36036635243	7.74794291193	22.2167140808	22.4349848724	22.4862380084	22.6233536273	22.647615481	22.5705043481	22.5999745435	22.5364389783	
2017/09/26	12:20:10	6.52661101124	6.76992630289	6.73342673619	6.75353735051	6.90150659798	7.03598941482	7.35842082433	7.74554309481	22.2169001782	22.434975329	22.4866173608	22.6234681488	22.6478421381	22.5705043481	22.5997073267	22.536214707	
2017/09/26	12:20:12	6.52934218799	6.77227359968	6.73491519522	6.75416119233	6.901295614	7.03476136458	7.35594442422	7.74272365986	22.2168596185	22.4352425458	22.4865601001	22.6235922137	22.6480902679	22.5704041418	22.5999053534	22.5361264301	
2017/09/26	12:20:13	6.53237945084	6.77438236545	6.73635068893	6.75477205532	6.90105662707	7.03359520716	7.35342072901	7.73981269556	22.2175085736	22.4354644312	22.4865338556	22.6239166913	22.648159458	22.5704733319	22.6000747498	22.536162218	
2017/09/26	12:20:15	6.53659120446	6.77789102964	6.73869563375	6.75534322007	6.90042235808	7.03160210852	7.34984338437	7.73566541505	22.2176922852	22.4355407788	22.4865601001	22.6237687677	22.6481021973	22.5705902393	22.6001320105	22.5360667834	
2017/09/26	12:20:16	6.53956960224	6.78045819529	6.74020032601	6.75602204171	6.90001912516	7.03018203546	7.34762214588	7.7329499488	22.2180215344	22.4359344464	22.4871374792	22.6241099463	22.6482405774	22.5709123309	22.6003920697	22.5362242505	
2017/09/26	12:20:19	6.54203129345	6.78254482013	6.74161096742	6.75665759528	6.89939304112	7.02861705191	7.34560448933	7.73054341246	22.218274436	22.4360346527	22.4871446368	22.624150506	22.6482167188	22.5707667932	22.6004207001	22.5366918799	
2017/09/26	12:20:21	6.54409422441	6.78444027887	6.74284217271	6.7575452907	6.8985326159	7.02708984036	7.34380985266	7.72889810282	22.2185273376	22.4358867291	22.4872543866	22.6241027887	22.6481093549	22.5706379565	22.6004779608	22.5365654291	
2017/09/26	12:20:22	6.54470327474	6.78498013191	6.74327983024	6.75821707619	6.89850619454	7.0262778952	7.34352085062	7.72855724437	22.2191786786	22.4362207501	22.4874428699	22.6246300647	22.6483908868	22.5713298572	22.6009933075	22.536672793	
2017/09/26	12:20:24	6.54427459293	6.78479079751	6.74316916539	6.75894874671	6.89846246595	7.02626156151	7.34355059971	7.72875508687	22.2194435095	22.4363710596	22.4877697333	22.6243747772	22.6487177502	22.5712678247	22.601177019	22.5369567108	
2017/09/26	12:20:26	6.54390725343	6.7842121504	6.74282580325	6.75945801573	6.89862937345	7.02629439428	7.34404567274	7.72896973993	22.2193981781	22.4364307062	22.4878079071	22.6246682385	22.6483264685	22.571508797	22.6013368719	22.5369853412	
2017/09/26	12:20:28	6.54270122383	6.78334258431	6.74227726815	6.76032267057	6.89878597015	7.02664215619	7.34469786786	7.7298073532	22.2200781494	22.4368219879	22.4884544763	22.6250786072	22.6486247015	22.5720551599	22.6017281537	22.5367825427	
2017/09/26	12:20:30	6.54154804089	6.78227894373	6.7416799579	6.76118331856	6.89904727389	7.02720127538	7.34571751447	7.73082723561	22.2203453662	22.4372228131	22.4880464935	22.624835249	22.648984967	22.5717282965	22.6017209961	22.5370616888	
2017/09/26	12:20:31	6.54079240113	6.78171383443	6.74123553024	6.76179712564	6.89909520327	7.02759064031	7.34606289573	7.73150522548	22.2206149689	22.4370963623	22.4880631946	22.6250976941	22.649073244	22.5716948944	22.6016947516	22.5367897003	
2017/09/26	12:20:32	6.54053569077	6.78141230332	6.74099309554	6.76221901014	6.89908166698	7.02770110079	7.34631262234	7.73181130051	22.2208320825	22.4373731226	22.4881371564	22.6253052643	22.6495551886	22.5717068237	22.601687594	22.5371308789	
2017/09/26	12:20:34	6.54014260154	6.78110079306	6.74085876995	6.76256803704	6.89901205419	7.02779042814	7.34652917905	7.73218104819	22.2206960883	22.4372681445	22.4881753302	22.6251477972	22.6491209613	22.5717115955	22.6019595825	22.5367061951	
2017/09/26	12:20:36	6.53977372699	6.78062549735	6.74052120598	6.76342473222	6.89912577679	7.02795556901	7.34696974087	7.7323461792	22.2212257501	22.4377954205	22.4883852863	22.6251215527	22.6491376624	22.5716877368	22.6019142511	22.5372048407	
2017/09/26	12:20:38	6.53955857516	6.7805661509	6.74038557953	6.76401591995	6.89912696511	7.02798706529	7.34673252645	7.73228073016	22.2216480481	22.4380578656	22.4885976282	22.625080993	22.6495146289	22.5719716547	22.6020454736	22.5372430145	
2017/09/26	12:20:39	6.53952215707	6.78069165071	6.74040773923	6.7646487515	6.89907107061	7.02802560001	7.34687735341	7.73212505411	22.2223375629	22.4382034033	22.4891917084	22.6258492413	22.649548031	22.5723414636	22.6024367554	22.5375197748	
2017/09/26	12:20:41	6.53973699166	6.78071605588	6.74043528632	6.76515996978	6.89899450354	7.02791056815	7.34657339738	7.73189743474	22.222492644	22.4385636688	22.4888457581	22.6253362805	22.6495575745	22.5724464417	22.6022124841	22.5373670795	
2017/09/26	12:20:42	6.53985133882	6.78080615418	6.74047184407	6.76589543991	6.89886381984	7.02784959558	7.34621123799	7.73169253502	22.2229650452	22.4384324463	22.4888767743	22.6256345135	22.6492712708	22.572527561	22.6026228528	22.5373790088	
2017/09/26	12:20:44	6.53995107182	6.78087587957	6.74068185239	6.76632249008	6.89884419148	7.02774109716	7.34601023974	7.731466171	22.2226739697	22.4386209296	22.4890366272	22.6257728937	22.6496052917	22.572809093	22.6022482721	22.5371070203	
2017/09/26	12:20:45	6.54018502286	6.78109467316	6.74051201129	6.76688320206	6.8987470978	7.0276644926	7.3460193454	7.73126827054	22.2229077844	22.4391720642	22.4894660828	22.6258039099	22.6497985468	22.5728902124	22.602391424	22.5373646936	
2017/09/26	12:20:47	6.54032786966	6.78138910552	6.74068541118	6.76740604935	6.89868027713	7.0276090614	7.34592880489	7.73115205033	22.2234112018	22.4392770422	22.4892728278	22.6259804639	22.6498438782	22.5730786957	22.6025894507	22.5377345026	
2017/09/26	12:20:49	6.54029138373	6.78129362585	6.74066558321	6.76815100723	6.898638104	7.02750339167	7.34571860432	7.73097442778	22.2236307013	22.4394655255	22.4896664954	22.6259017303	22.6502041437	22.5733268256	22.6023771088	22.5377583612	
2017/09/26	12:20:51	6.54033251676	6.78129153738	6.74073376289	6.76853569074	6.89851324847	7.02745813583	7.34567893574	7.73097048294	22.2238740594	22.4397088837	22.4897667017	22.6266270331	22.6503759259	22.5733244397	22.6026729559	22.5379301434	
2017/09/26	12:20:53	6.54053365661	6.78115673347	6.74052821004	6.76920081925	6.89857358961	7.02741257184	7.34564260194	7.73088608764	22.224215238	22.4396826392	22.4901198096	22.6263765173	22.6505548657	22.573565412	22.6030356073	22.5381902026	
2017/09/26	12:20:55	6.54033413095	6.78102377047	6.74045996855	6.76998744763	6.89858388062	7.02735562584	7.34562452341	7.73078172597	22.2245826611	22.4398544214	22.4900744781	22.6264838812	22.6494549823	22.573899433	22.6032765796	22.5377893774	
2017/09/26	12:20:57	6.54024116187	6.78099134306	6.74041993863	6.77088083476	6.8985632315	7.02729480951	7.34556098935	7.73097756637	22.224761601	22.4403220508	22.4901341248	22.6265244409	22.6501087091	22.5739065906	22.6034483618	22.5379611597	
2017/09/26	12:20:58	6.54019905833	6.78093872549	6.74041915141	6.77128140115	6.89858944735	7.02730548569	7.34552072483	7.73097267742	22.225024046	22.4406751587	22.490076864	22.6263049414	22.6504117139	22.5740354272	22.6035366388	22.5380685236	
2017/09/26	12:20:59	6.54009921139	6.78092055955	6.74040679114	6.77175080085	6.89864240633	7.02735538456	7.34549959074	7.73091471191	22.2250932361	22.4408779572	22.4904848468	22.6267200818	22.6503973987	22.5739304492	22.6034936932	22.5379015131	
2017/09/26	12:21:01	6.54003438492	6.78104139932	6.74031253874	6.77207713902	6.89846335959	7.02734120527	7.34559260129	7.73094957688	22.2251600403	22.4405129199	22.4904061133	22.6263932184	22.6501850568	22.5742191388	22.6035962854	22.538078067	
2017/09/26	12:21:03	6.54010006728	6.78090734132	6.74041130287	6.77257330498	6.8984071726	7.02731075517	7.34572230078	7.73087177312	22.2260022504	22.4409972504	22.4907687646	22.6268608478	22.6506503003	22.5746438226	22.6043072729	22.5384311749	
2017/09/26	12:21:04	6.53989177154	6.78093894417	6.74027439654	6.77303405526	6.89850241182	7.02729291562	7.3455959374	7.73091967206	22.225816153	22.4409256744	22.49092146	22.6270755756	22.6506192841	22.5746652954	22.6044909845	22.5384502618	
2017/09/26	12:21:07	6.53980045153	6.78091826015	6.74035313343	6.77356749191	6.8984168281	7.02727847691	7.34558419428	7.73080110697	22.2257708215	22.4414410211	22.4907210474	22.6268966357	22.6510034082	22.5747297137	22.6043430609	22.5380470508	
2017/09/26	12:21:09	6.53983538767	6.78088547108	6.74032473526	6.77441310451	6.89861406177	7.02721999826	7.34558953173	7.73086632246	22.2263768311	22.4416390479	22.490938161	22.6272354285	22.6515378418	22.5750804358	22.6047749023	22.5385910278	
2017/09/26	12:21:10	6.53987589875	6.78080250434	6.74051941515	6.77481785508	6.8984516318	7.02724419272	7.34554817931	7.73073572149	22.2267752704	22.4418513898	22.4912220789	22.6275384332	22.6513612878	22.5752116583	22.6048440924	22.5383524414	
2017/09/26	12:21:11	6.5397802702	6.78074797651	6.74042397427	6.77534828682	6.89831004123	7.02718514621	7.34533418587	7.73078026121	22.2271069055	22.441918194	22.4913008124	22.6273714227	22.6513875323	22.5753285657	22.605044505	22.5382355341	
2017/09/26	12:21:13	6.53969171874	6.78067674414	6.74038627019	6.77574364456	6.89826454179	7.02709409784	7.34537482725	7.73078531669	22.2272094977	22.4421138348	22.4915274695	22.6278462097	22.6515426135	22.5751257672	22.6052616187	22.5384741205	
2017/09/26	12:21:14	6.53974322251	6.78075600266	6.74030037578	6.77621764707	6.89823783219	7.02716051821	7.34535157551	7.73068448393	22.2276007794	22.4421186066	22.4916443768	22.6274907159	22.6518957214	22.5751710986	22.6053475098	22.5384264032	
2017/09/26	12:21:15	6.53972755115	6.78082594091	6.74021618837	6.77645479741	6.89827682435	7.0270623696	7.34524533481	7.73080217793	22.227712915	22.4422880029	22.4915465564	22.6276386395	22.6517573413	22.5754430872	22.6056290417	22.5386459027	
2017/09/26	12:21:16	6.53977267115	6.78074599713	6.74022596802	6.77680650892	6.89820792149	7.02703362155	7.34534782642	7.73073498834	22.2281399847	22.442602937	22.4920571313	22.6279344867	22.6523895953	22.5754311578	22.6053522815	22.5389632227	
2017/09/26	12:21:18	6.53978001613	6.78082963441	6.74025153051	6.77710778451	6.89832252035	7.02705095187	7.34530423229	7.73063268939	22.227994447	22.442796192	22.4919521533	22.6281897742	22.6522870032	22.5755313641	22.6055336072	22.5387150928	
2017/09/26	12:21:19	6.53989601482	6.78083725114	6.74026916673	6.77766464547	6.8982431584	7.02704014692	7.34531597595	7.73061053301	22.228433446	22.442989447	22.4924340979	22.6279845898	22.6525852362	22.5759226459	22.6055860962	22.5387890546	
2017/09/26	12:21:20	6.53983645012	6.78065217751	6.74022801493	6.7781110059	6.89826498774	7.02701568443	7.34531154058	7.73058876698	22.228505022	22.4429178711	22.492045202	22.6281993176	22.6524015247	22.5758820862	22.6056576721	22.5390133258	
2017/09/26	12:21:22	6.53979936704	6.78065690349	6.74014305251	6.77837591641	6.89810806464	7.02694698028	7.34527346373	7.73069408875	22.2289941241	22.4429154852	22.4925223749	22.6280919537	22.6526090948	22.5757532495	22.605817525	22.538834386	
2017/09/26	12:21:24	6.53975526566	6.78075820471	6.74012239363	6.77900747806	6.89813529648	7.02697773577	7.34530980604	7.7306503155	22.2289416351	22.4433449408	22.4925533911	22.6284188171	22.6524349268	22.576254281	22.6060608832	22.5391206897	
2017/09/26	12:21:25	6.53961043511	6.78069696841	6.74004639478	6.77953852441	6.89814227706	7.02682161244	7.34520782261	7.73053877192	22.2292851996	22.4433711853	22.4926917712	22.6287743109	22.6526377252	22.5762805255	22.6064378497	22.5391278473	
2017/09/26	12:21:27	6.53970032249	6.78066062154	6.74020389565	6.78004364584	6.89817986965	7.0268673465	7.34515777206	7.73049499393	22.229822019	22.443569212	22.4928778687	22.6290319843	22.653098197	22.5762518951	22.6064187628	22.5392519122	
2017/09/26	12:21:29	6.53965585169	6.78076029846	6.740213234	6.78061456745	6.89812707192	7.02680878851	7.34521961257	7.73059646153	22.2302920343	22.4438769885	22.4937081494	22.6296499231	22.653572984	22.5770344586	22.6067193817	22.5398388348	
2017/09/26	12:21:31	6.53959342895	6.78072849427	6.74016884098	6.78109646409	6.89827521396	7.02688406589	7.34519354062	7.73055033344	22.2302037573	22.4439533362	22.4933144818	22.629633222	22.6533320117	22.5769342523	22.6067122241	22.5397386285	
2017/09/26	12:21:33	6.53947983049	6.78061367634	6.74025031737	6.78154437905	6.89815855465	7.0269178464	7.34516258886	7.73052912595	22.230578338	22.44437802	22.493698606	22.6297095697	22.6536636469	22.5771752246	22.6070032996	22.5396837537	
2017/09/26	12:21:35	6.53962850842	6.78072662732	6.74016935669	6.78214776962	6.89814173874	7.02679771117	7.34513739735	7.7305277962	22.2307811365	22.4446213782	22.49401354	22.6300984656	22.6540406134	22.5774209686	22.6071464514	22.5396312646	
2017/09/26	12:21:37	6.53960282291	6.78063333605	6.74014854131	6.78252889954	6.89799103235	7.02689826513	7.34511384307	7.7305012809	22.2313489722	22.4449434698	22.4938346002	22.6302654761	22.6540048254	22.5776595551	22.6074780865	22.5396264929	
2017/09/26	12:21:39	6.53961798427	6.78052839546	6.74013282705	6.78290468473	6.89808140196	7.02690950056	7.34517103036	7.73050828658	22.2313274994	22.4451987573	22.494049328	22.6301032373	22.6541288904	22.5779577881	22.6076617981	22.5396145636	
2017/09/26	12:21:41	6.53961248071	6.7805486395	6.74018087701	6.78340212106	6.89830904878	7.0269001383	7.34517664756	7.73042597658	22.2314968958	22.445573338	22.4941877081	22.6306496002	22.6542672705	22.577941087	22.6077810913	22.539836449	
2017/09/26	12:21:43	6.53955283242	6.78060000082	6.74004896737	6.78389513425	6.89808580995	7.02675164374	7.34503583732	7.73049158718	22.2321291498	22.4457642072	22.4947674731	22.6307688934	22.6544772266	22.5781319562	22.6081532861	22.5396264929	
2017/09/26	12:21:45	6.53960313366	6.78055700605	6.74000784097	6.78441233536	6.89804409397	7.02677839379	7.34523947093	7.73032654034	22.2321530084	22.445819082	22.4952017004	22.6309454474	22.6542863574	22.5779721033	22.6078001782	22.5399796008	
2017/09/26	12:21:46	6.53961944574	6.78046933353	6.7400554865	6.78493845743	6.89795791069	7.02683166458	7.34504314431	7.73042713041	22.2325872357	22.446716167	22.4960272095	22.631374903	22.6546537805	22.5787594385	22.6086590894	22.5402849915	
2017/09/26	12:21:48	6.53944746072	6.78061680773	6.73998578431	6.78529671373	6.89797850622	7.02672177452	7.34511467265	7.73036815257	22.232634953	22.4465658575	22.4959771063	22.6311888055	22.6546203784	22.5783180536	22.6085445679	22.5403350946	
2017/09/26	12:21:50	6.53950966999	6.78066565845	6.73998185225	6.7857793286	6.89809028252	7.02672365765	7.34515753075	7.73031227839	22.2327423169	22.4465801727	22.4960224377	22.6315514569	22.6547086554	22.5789169055	22.6090599146	22.5402277307	
2017/09/26	12:21:52	6.53954889956	6.78076184934	6.74009266503	6.78616172137	6.89796662409	7.02679035674	7.34515732968	7.73039393802	22.2331598431	22.4472768451	22.4962824969	22.6317924292	22.6551643555	22.5794417957	22.6090646863	22.5404663171	
2017/09/26	12:21:54	6.539474252	6.78059883695	6.7401105307	6.78666368257	6.89812557065	7.02685376578	7.34514590948	7.73041781456	22.2333745709	22.4476323389	22.496983941	22.6318711627	22.6552717194	22.5796541376	22.6095012994	22.5405951538	
2017/09/26	12:21:56	6.53958372279	6.78052312069	6.74016106118	6.78707900519	6.89808661958	7.02667845381	7.34521316778	7.73034035216	22.2335916846	22.4477993494	22.4968527185	22.6321789392	22.655682088	22.5798378491	22.609544245	22.5406070831	
2017/09/26	12:21:58	6.53952277207	6.78056895086	6.7400076036	6.78753675651	6.89809982709	7.02673825262	7.34510783795	7.73035564427	22.2340020532	22.4485174945	22.4976448254	22.6323960529	22.6557369629	22.5802005005	22.6099164398	22.540855213	
2017/09/26	12:22:00	6.53951151398	6.78045371032	6.7401075499	6.7878954524	6.8981423544	7.02689942907	7.34496055037	7.7302834229	22.234164292	22.4482693646	22.4973131903	22.6323316345	22.6558156964	22.5798688654	22.6092579413	22.5406786591	
2017/09/26	12:22:02	6.53955994449	6.78046730212	6.74002248718	6.78848054938	6.89811398704	7.02680157187	7.34500855918	7.73036545221	22.2347321277	22.4485318097	22.4978714825	22.6328493671	22.6561688043	22.5802744623	22.6097661304	22.540838512	
2017/09/26	12:22:03	6.53955276659	6.78061577668	6.74013006887	6.78885293237	6.89816040772	7.02684185354	7.345134193	7.73036326889	22.2349158392	22.4488467438	22.4982699219	22.6329615027	22.6564336353	22.5801503973	22.6101526404	22.540960191	
2017/09/26	12:22:05	6.53962490151	6.78056524115	6.74018455194	6.78926524182	6.89804303555	7.02689317696	7.34509392271	7.73038844337	22.2352069147	22.4490662433	22.4977020862	22.6329662744	22.6566865369	22.5810570258	22.6102719336	22.5410079083	
2017/09/26	12:22:07	6.53955658492	6.78052768619	6.74001165006	6.78948227009	6.89818079706	7.02691382147	7.34522318268	7.7303871675	22.2354264142	22.4490399988	22.4982293622	22.6327968781	22.6565767871	22.5806514288	22.6102552325	22.5408981586	
2017/09/26	12:22:09	6.53955964909	6.78045610756	6.74010063614	6.78981857327	6.89805933312	7.02686965261	7.34525085598	7.73026689533	22.2354073273	22.449300058	22.4983653564	22.6329758179	22.6568368463	22.5809520477	22.6106369708	22.5411987775	
2017/09/26	12:22:11	6.53955399908	6.7806046894	6.74007140437	6.79036778767	6.89821225904	7.02684190558	7.34518719205	7.7303009529	22.2357318048	22.4493764056	22.4985347528	22.6333360834	22.6570253296	22.580947276	22.6109185028	22.5414588367	
2017/09/26	12:22:13	6.53961017975	6.78063105876	6.74007903349	6.79067210926	6.89815949059	7.02687239045	7.34517243121	7.73041630168	22.2367959003	22.4499824152	22.4991693927	22.6336367023	22.6570491882	22.5816964374	22.611319328	22.5416163037	
2017/09/26	12:22:15	6.53958755407	6.78056172245	6.74017784471	6.79115273042	6.89802444572	7.02692278165	7.34525032206	7.73028625163	22.2368674762	22.4502567896	22.4996799677	22.6340208264	22.6573617365	22.5818467468	22.6112334369	22.5417761566	
2017/09/26	12:22:17	6.5394937892	6.78066831161	6.74011919184	6.79138139691	6.89791301695	7.02687887912	7.34513599898	7.73039002474	22.2370034705	22.4500158173	22.4992528979	22.6341496631	22.6573665082	22.5816773505	22.6113503442	22.5419026074	
2017/09/26	12:22:19	6.5396273113	6.78060261419	6.74017963485	6.79165312665	6.89811986765	7.0268062089	7.34517670604	7.73034780517	22.2376571973	22.4506170551	22.4993030011	22.6342403259	22.6576528119	22.5821569092	22.611512583	22.5420457593	
2017/09/26	12:22:20	6.53965554736	6.78063319656	6.74020332314	6.79208948389	6.89804367114	7.02691414938	7.34524477385	7.73027884835	22.2379387292	22.4506623865	22.4997372284	22.6344574396	22.6576957574	22.5822117841	22.6117917291	22.5423153619	
2017/09/26	12:22:22	6.53966905078	6.7806762972	6.74020686162	6.79252836572	6.89802035382	7.02693771008	7.34518527899	7.73042079026	22.2378385229	22.4512063635	22.4999233258	22.6345218579	22.6576981433	22.5824479846	22.6120613318	22.5425205463	
2017/09/26	12:22:24	6.53965239075	6.78078026666	6.74023282672	6.79282849791	6.89820393347	7.02696207078	7.34514885254	7.73032342973	22.2381677722	22.4514855096	22.5004076563	22.6352423889	22.6579772894	22.5826961145	22.6121567664	22.5426565405	
2017/09/26	12:22:26	6.53958280743	6.78057548891	6.74021067024	6.7931215553	6.89820367851	7.02687739077	7.34512892982	7.73037794723	22.2382178754	22.4519173511	22.5006653296	22.6352638617	22.6581944031	22.5826794135	22.6124359125	22.5427400458	
2017/09/26	12:22:28	6.5395340851	6.7807286938	6.74009264827	6.79364352287	6.89829608502	7.02672472773	7.34522138464	7.73047426135	22.238611543	22.4520724323	22.5004410583	22.635399856	22.6582588214	22.5829776465	22.6125909937	22.5431718872	
2017/09/26	12:22:30	6.53956228184	6.7808111294	6.7401669247	6.79398017203	6.89820865611	7.02697832673	7.34507734067	7.73044548859	22.2390624713	22.4519316663	22.5007202045	22.6356885455	22.6583828864	22.5833164392	22.6129417157	22.5434725061	
