data	hora	D40	D41	D42	D43	D44	D45	D46	D47	T40	T41	T42	T43	T44	T45	T46	T47
2017/05/24	13:01:48	7.33934076368	6.57985386289	7.74259625759	7.32814456255	7.17736219236	7.58315551572	7.71346073945	7.63426483689	25.2579728644	24.6826551007	24.6231039288	25.0004259753	24.1417749017	25.082144212	25.150764054	24.9962340118	
2017/05/24	13:01:55	7.33796422126	6.577372735	7.74188134225	7.32625345024	7.17695037286	7.58321398412	7.71234482916	7.63453231767	25.2583951624	24.6826861169	24.6233401294	25.0005094806	24.1420087164	25.0818388214	25.1510933032	24.9963389899	
2017/05/24	13:02:02	7.33957415482	6.57970016192	7.74321099441	7.32793998045	7.17534246098	7.58245491169	7.71227394231	7.63333540313	25.2583331299	24.6828149536	24.6230514398	25.0005237958	24.1420707489	25.0822706628	25.15136052	24.996055072	
2017/05/24	13:02:08	7.3401757419	6.58074326399	7.74320348495	7.32773409202	7.17676006807	7.58267685541	7.7112772906	7.63423757076	25.2588270038	24.6827863232	24.6227651361	25.0000657098	24.141681853	25.0821513696	25.1517518018	24.9958212573	
2017/05/24	13:02:15	7.33833257392	6.57924962243	7.74212402015	7.32656903637	7.17732799204	7.581902008	7.71274884584	7.63430931636	25.2591109216	24.6829390186	24.6232661676	25.0011131042	24.141612663	25.0832202368	25.1518090625	24.9955492688	
2017/05/24	13:02:22	7.33868305962	6.57875141937	7.74302759099	7.32719860421	7.17570719037	7.58314873038	7.71135081612	7.63354512906	25.2589940143	24.6823234656	24.6232637817	25.0004760785	24.1413072723	25.0835542578	25.1519188123	24.9956900348	
2017/05/24	13:02:28	7.3390088959	6.57863325929	7.7419788377	7.32796207515	7.17620144889	7.58253814233	7.71213311417	7.63309846673	25.2587864441	24.6819894446	24.6231755048	25.0004235895	24.1411712781	25.0842175281	25.1520094751	24.9955254102	
2017/05/24	13:02:35	7.34081871488	6.57977173062	7.7438213058	7.32689968031	7.17644454819	7.58037395069	7.71244210202	7.63407023438	25.2585311566	24.6819417273	24.6228605707	25.000256579	24.1410877728	25.0838858929	25.1521597845	24.995563584	
2017/05/24	13:02:42	7.33882033527	6.57977353355	7.74257486517	7.32853508473	7.17673538542	7.58308115789	7.71287801355	7.63452960889	25.2583569885	24.6821994006	24.6228844293	25.0004617633	24.1408778168	25.0835303992	25.1528135114	24.9954920081	
2017/05/24	13:02:48	7.34094180897	6.57969772259	7.74274943368	7.33049866602	7.17789770019	7.58310962268	7.71292618692	7.63456447975	25.2584309503	24.6825238782	24.6225146204	25.0003400842	24.1408229419	25.0832560248	25.1533479449	24.9958522736	
2017/05/24	13:02:55	7.3407973899	6.57940323914	7.74312915033	7.32780782479	7.17753687785	7.58262103468	7.71319677265	7.6333374129	25.2583856189	24.6829533337	24.6228701141	24.9998366669	24.1406583173	25.0834063342	25.1539467969	24.9966157501	
2017/05/24	13:03:02	7.34091898694	6.57969644341	7.74191806269	7.32937146147	7.17731532976	7.58411061285	7.71230449964	7.63320075655	25.2584452655	24.6831084149	24.6228510272	24.9998247375	24.1406845618	25.0825760535	25.1540589325	24.996582348	
2017/05/24	13:03:08	7.34013641104	6.57981865348	7.7426603542	7.32838700906	7.17673305385	7.58414967122	7.71408652306	7.6332954039	25.2589033514	24.6835855878	24.6231659613	25.0000776392	24.140558111	25.0815811481	25.1537296832	24.9964797559	
2017/05/24	13:03:15	7.34023824976	6.57902229574	7.74364403602	7.32891141729	7.17754795048	7.58279336557	7.7143082504	7.63182316026	25.2596525128	24.6844922162	24.6237457263	25.0007528387	24.1406225293	25.079772663	25.152994837	24.9962865009	
2017/05/24	13:03:22	7.34035061024	6.58034185929	7.74405201859	7.32918396127	7.1774014622	7.58213873243	7.71569557796	7.63209962424	25.2597670343	24.6853988446	24.6240296442	25.0008697461	24.1409183765	25.0754208466	25.1525057349	24.9957878552	
2017/05/24	13:03:28	7.33879341231	6.57942341513	7.74274132223	7.32819302267	7.17744726593	7.58286105259	7.71336879558	7.63290269878	25.2598839417	24.6848787262	24.6240010138	25.0009961969	24.1410519849	25.0721712994	25.1516611389	24.9949432593	
2017/05/24	13:03:35	7.33987840749	6.57803114047	7.74199227178	7.32867400321	7.17627009572	7.58313119098	7.7163762136	7.63340923476	25.2599507458	24.6848095361	24.624401839	25.0008816754	24.1412022943	25.0683276721	25.1507401953	24.9952605792	
2017/05/24	13:03:42	7.33907839475	6.58055162557	7.7426542666	7.3279377451	7.1771762005	7.58281266855	7.71178120034	7.6326908385	25.2604732501	24.6846425256	24.6245807788	25.0007385236	24.1413072723	25.0662281116	25.150728266	24.9943587225	
2017/05/24	13:03:48	7.34128322697	6.57914997544	7.7426438637	7.32837826864	7.17681737886	7.58010142402	7.71198093125	7.63340054645	25.260616402	24.68453039	24.6247859631	25.0014447394	24.1411855933	25.0652379779	25.1497357465	24.994175011	
2017/05/24	13:03:55	7.33928965795	6.57969733898	7.74414662688	7.32878015512	7.17713665843	7.58208032029	7.71339944172	7.63401774279	25.260423147	24.6843776947	24.6250317072	25.0010558435	24.1412166095	25.0650017773	25.1497572192	24.9938362183	
2017/05/24	13:04:02	7.33977523715	6.58008885168	7.74141634676	7.32700841598	7.17568561418	7.58240120325	7.7118371716	7.63312999981	25.2607905701	24.6845113031	24.6255732983	25.0009126917	24.1413907776	25.0656984497	25.1495138611	24.9932946271	
2017/05/24	13:04:08	7.33991969387	6.57874494266	7.74246558639	7.32845010261	7.17706024418	7.58037195627	7.71307397379	7.63396267962	25.2611222052	24.6844850586	24.6254874072	25.0014709839	24.1414265656	25.0668794525	25.1497023444	24.9930035516	
2017/05/24	13:04:15	7.33879595526	6.57908293603	7.74244235844	7.32750430273	7.17621313321	7.58313134897	7.71273090208	7.63403108876	25.2609480371	24.685093454	24.6260958026	25.0027641223	24.1413883917	25.0684612805	25.1497500616	24.9929582202	
2017/05/24	13:04:22	7.34005982854	6.57892649232	7.74351452853	7.32841358432	7.17649853889	7.58214839908	7.7124951661	7.63366970573	25.26110789	24.6853797577	24.6257164502	25.0022821777	24.1412977289	25.0698379242	25.1494184265	24.991925141	
2017/05/24	13:04:29	7.34118043802	6.58021558426	7.74250752	7.32824695556	7.17752596927	7.58270549338	7.71318298596	7.63240004084	25.2610506293	24.6860525714	24.6256448743	25.0023394385	24.1409207623	25.0710833453	25.1492108563	24.9918487933	
2017/05/24	13:04:35	7.33961671353	6.57884819033	7.74375135609	7.32902023661	7.17722658867	7.58386624788	7.71398659152	7.63260297499	25.2612629712	24.6867110699	24.625737923	25.0027855951	24.1409804089	25.0723144513	25.1495043176	24.9914050226	
2017/05/24	13:04:42	7.34155175536	6.57810863898	7.74334305828	7.32633192759	7.17698111583	7.58319769094	7.7133002345	7.63325854601	25.2615564325	24.68716677	24.626265199	25.0031291595	24.1411808215	25.0715128009	25.1491726825	24.9909612518	
2017/05/24	13:04:49	7.33836406936	6.57941955733	7.74292073587	7.32769713877	7.17727468828	7.5838351269	7.71474709538	7.63357333915	25.2621314258	24.6868422925	24.6263725629	25.0037566418	24.1411641205	25.0681749768	25.1486454065	24.9905246387	
2017/05/24	13:04:55	7.3401837966	6.57874954847	7.74248560219	7.32811005288	7.17754456594	7.58385771686	7.71578610982	7.63299728743	25.2618164917	24.6867921893	24.6269141541	25.0037280115	24.1413502179	25.0651282281	25.1482278802	24.9898017218	
2017/05/24	13:05:02	7.34157166875	6.58016719811	7.74389105971	7.32701807151	7.17653810774	7.58296508456	7.71516070578	7.63280810752	25.261759231	24.6868566077	24.62705492	25.0038974078	24.1419514557	25.0612392694	25.1476003979	24.9895321191	
2017/05/24	13:05:09	7.34052554189	6.57936358948	7.74339638832	7.32857404482	7.17838188567	7.58248733064	7.71345467427	7.63265805048	25.2624058002	24.6869544281	24.62698573	25.0038162885	24.1420850641	25.0554010596	25.1473641974	24.9891336798	
2017/05/24	13:05:15	7.34010119777	6.57861822672	7.74235236979	7.32795802899	7.17772030324	7.58261086735	7.71392838509	7.63265944193	25.2624582892	24.6870140747	24.6268688226	25.0035800879	24.1418965808	25.0497465613	25.1466078784	24.9887853436	
2017/05/24	13:05:22	7.34024433441	6.5797346202	7.74352419978	7.3278973481	7.17511767016	7.58392708659	7.71407670287	7.63313788856	25.2624916913	24.6862601416	24.6269451703	25.0032460669	24.1418703363	25.0443497363	25.146264314	24.9880719702	
2017/05/24	13:05:29	7.33762484534	6.57872097107	7.74579234154	7.32882142046	7.17714517257	7.58224417906	7.71347994084	7.63300802709	25.2628519568	24.6860191693	24.6269093823	25.0040047717	24.1418345483	25.0419519427	25.1455819568	24.987513678	
2017/05/24	13:05:35	7.33950204018	6.57823962925	7.74121659085	7.32771988848	7.1766985898	7.58042595161	7.71296064588	7.63543062051	25.2627612939	24.6865225867	24.6268067902	25.0037637994	24.1418655646	25.0416059924	25.1451143274	24.9869219836	
2017/05/24	13:05:42	7.34192376314	6.57933741166	7.74215013304	7.32759868029	7.17599599253	7.58227702808	7.71186742084	7.63346712682	25.2631311029	24.6876582581	24.627178985	25.0034273926	24.141963385	25.0439274384	25.1455843427	24.9864018652	
2017/05/24	13:05:49	7.33858300256	6.58019196431	7.74415200184	7.32960310859	7.17806586113	7.58253726213	7.71413226251	7.63421960832	25.263305271	24.6879970508	24.6270763928	25.0044103687	24.1416341357	25.0459840533	25.145085697	24.986475827	
2017/05/24	13:05:55	7.34116600153	6.57963055238	7.74352465299	7.32763404981	7.17690240315	7.58234396784	7.71132382892	7.6329491142	25.264009101	24.6887128101	24.6271479688	25.0029048883	24.1416055054	25.0487444983	25.1441218079	24.9853783295	
2017/05/24	13:06:02	7.34027347921	6.57950680251	7.74242290678	7.32774701731	7.1757373334	7.58174104654	7.71316615328	7.63363993475	25.2636536072	24.6890158148	24.6273483813	25.0047253027	24.1417009399	25.0501951038	25.1443055194	24.9857147363	
2017/05/24	13:06:09	7.3416426442	6.57917278896	7.74212059712	7.3293890857	7.17785839111	7.58207758757	7.71289321573	7.63391519752	25.2637347266	24.6891088635	24.6272982782	25.0047658624	24.1417629724	25.0514429108	25.1445107037	24.9857886981	
2017/05/24	13:06:15	7.33957348577	6.57975878749	7.74227322657	7.32881830095	7.17719302725	7.58436814469	7.71668042788	7.63422755619	25.2634961401	24.6885338702	24.6274915332	25.0050807965	24.1422234442	25.0528195544	25.1445798938	24.9851707593	
2017/05/24	13:06:22	7.33858800823	6.57971995085	7.74363122354	7.32858712698	7.17828264008	7.58460212376	7.71562799456	7.633169839	25.2634508087	24.6882093927	24.6281381024	25.0055341107	24.141927597	25.054215285	25.1443174487	24.9843380927	
2017/05/24	13:06:29	7.34047502158	6.57960701532	7.74244768263	7.32773236376	7.17662623723	7.5832609715	7.71646606266	7.63254560307	25.2638826501	24.6880733984	24.6283098846	25.0055508118	24.1420802924	25.0546709851	25.1440573895	24.9842808319	
2017/05/24	13:06:35	7.34175071195	6.58007399235	7.7433144726	7.32762959061	7.17680455615	7.58240981327	7.71112466767	7.63274140972	25.2637323407	24.6877703937	24.6284959821	25.0060112836	24.1422997919	25.0531702765	25.1428620715	24.9838036591	
2017/05/24	13:06:42	7.34007696974	6.58028861909	7.74340182913	7.32889704904	7.17760778053	7.58373595862	7.7123323387	7.63236667308	25.2640806769	24.6876081549	24.6283933899	25.0059397076	24.1421781128	25.0516981982	25.1428740009	24.9833026276	
2017/05/24	13:06:49	7.34035070624	6.5794315367	7.74285706138	7.32652276343	7.17713012908	7.58324442987	7.71585527388	7.63249667353	25.2642882471	24.6882714252	24.6289135083	25.0059015338	24.1424071558	25.0518938391	25.1426497296	24.9833026276	
2017/05/24	13:06:55	7.33848106583	6.580187784	7.74387970687	7.32792311764	7.17729718667	7.58540553489	7.71484169397	7.63347198926	25.264376524	24.6882070068	24.628197749	25.0058371155	24.1422854767	25.0523089795	25.1422799207	24.9828516992	
2017/05/24	13:07:02	7.34140828527	6.58006235852	7.74368960126	7.32979276811	7.17813713236	7.58585873342	7.71480718591	7.63252181147	25.2645554639	24.6885935168	24.6288395465	25.0061305768	24.1420802924	25.0500471802	25.1415092865	24.9821621844	
2017/05/24	13:07:09	7.33806581362	6.57900993428	7.74259527792	7.32712197603	7.17764241	7.58609240471	7.71445883888	7.63270543746	25.2650898975	24.6908553162	24.6291687958	25.0064478967	24.1422759332	25.0454472339	25.1407744403	24.9818997394	
2017/05/24	13:07:15	7.33937135214	6.5789590222	7.74377905712	7.32861351978	7.1782333938	7.58450311274	7.71433682121	7.63188855406	25.2647749634	24.6919814441	24.6294956592	25.007146955	24.1426027966	25.0410429285	25.1406646906	24.9815824194	
2017/05/24	13:07:22	7.34203913785	6.58089700083	7.74315464135	7.32704690197	7.17777535127	7.58438756683	7.71339352129	7.63265171595	25.2653523425	24.6933461584	24.6303999017	25.0074261011	24.1432398224	25.0363213031	25.1396960297	24.9810861597	
2017/05/24	13:07:29	7.33991339923	6.57921866152	7.74315542441	7.32853735487	7.1777344984	7.58350059793	7.71391911605	7.63255623587	25.2660370856	24.6946512262	24.6313470898	25.0075668671	24.1431038281	25.0309936682	25.139092406	24.980799856	
2017/05/24	13:07:35	7.3397782002	6.58054947216	7.74250974582	7.32742783885	7.1782985585	7.58297892492	7.71376990324	7.6319745223	25.2659631238	24.6958083704	24.6316667957	25.0079867792	24.1435261261	25.0257280658	25.1382955273	24.9803083679	
2017/05/24	13:07:42	7.34161370627	6.5800496661	7.74373620892	7.32945216251	7.17777809066	7.58524977906	7.7154845447	7.6330454358	25.2662613568	24.696077973	24.6320389905	25.008604718	24.1437575549	25.0213022876	25.137510578	24.9796975867	
2017/05/24	13:07:49	7.33991583273	6.57920296534	7.74424746744	7.3297712962	7.17940778566	7.58436814018	7.71550000854	7.63374931853	25.2670033606	24.6965623035	24.6325233209	25.0088957935	24.1437575549	25.0182817834	25.1367471014	24.9789770557	
2017/05/24	13:07:55	7.34095761993	6.58108659866	7.74311020263	7.32910842489	7.17885223143	7.58224759863	7.71328520622	7.63212466341	25.2670797083	24.6966744391	24.6327165759	25.009449314	24.1437456256	25.0155332678	25.1359430652	24.9785595294	
2017/05/24	13:08:02	7.33915134634	6.57899560937	7.74315711243	7.32985847033	7.17806265141	7.58314256806	7.71389255615	7.6318951381	25.267277735	24.6970108459	24.6332271509	25.0100577094	24.1442394995	25.0127990674	25.1347835352	24.9784426221	
2017/05/24	13:08:09	7.34123276264	6.58023153	7.74312481709	7.32848342054	7.17837271375	7.58539563331	7.71537905303	7.63427351853	25.2677930817	24.6978458984	24.6339715405	25.0098382098	24.1448025635	25.0097976501	25.133783858	24.9774453308	
2017/05/24	13:08:15	7.34108764127	6.58004679246	7.7418857704	7.32853961578	7.17824189001	7.58412085517	7.71694412255	7.6340478198	25.2683967053	24.6987954724	24.6347063867	25.0106565613	24.145251106	25.0058299579	25.1328748438	24.9767295715	
2017/05/24	13:08:22	7.34124575955	6.5807195147	7.74522839179	7.32923472838	7.17821363727	7.58400025172	7.71535050029	7.63380546347	25.2687498132	24.6996376825	24.6350475653	25.0104561487	24.1459764087	25.0016928693	25.1316127216	24.9763454474	
2017/05/24	13:08:29	7.34229034001	6.58125934995	7.74423145515	7.32965780411	7.17803515866	7.58212050749	7.71416879528	7.63459360579	25.2688213892	24.7000051056	24.6351692444	25.0116228363	24.146620592	24.998586474	25.1310496576	24.9757537531	
2017/05/24	13:08:35	7.33879607951	6.57725072814	7.74160639337	7.32691949035	7.17876868721	7.58303778272	7.71545028048	7.63516353366	25.2696707568	24.7007399518	24.6362094812	25.0126034265	24.1475749377	24.9965489459	25.1304889795	24.9754149603	
2017/05/24	13:08:42	7.34191216078	6.58142183377	7.74192979302	7.32644968028	7.17739182544	7.58382691462	7.71720011179	7.63447189904	25.2697805066	24.7009212775	24.6362070953	25.0139204236	24.1480258661	24.9958308008	25.1298400244	24.9747779346	
2017/05/24	13:08:49	7.34132433631	6.58057125147	7.74268557709	7.32793048947	7.1793577769	7.58318629756	7.71495419748	7.6325755777	25.2701932611	24.7010405707	24.6372568756	25.0145789221	24.1484911096	24.9952343347	25.1293652374	24.9744653864	
2017/05/24	13:08:55	7.34464446762	6.58293440189	7.74508699759	7.32855146519	7.17742371539	7.58208308375	7.71485639597	7.63300367438	25.2701861035	24.7006779193	24.6377125757	25.0147578619	24.1493142328	24.992979693	25.128635163	24.9739810559	
2017/05/24	13:09:02	7.34718188701	6.58466863765	7.74039184768	7.32618480089	7.17833184661	7.58176816988	7.7141971267	7.63334020351	25.269861626	24.7012004236	24.6379296893	25.0161488208	24.1497603894	24.9911401917	25.1280315393	24.973398905	
2017/05/24	13:09:09	7.34117441657	6.57864992102	7.74550212297	7.32946007828	7.17689772447	7.58263022627	7.71525891512	7.63367893745	25.2708732324	24.7012791571	24.6385595575	25.0170983948	24.1509199194	24.9892863751	25.1277643225	24.9733153998	
2017/05/24	13:09:16	7.34335051923	6.58284737541	7.74369916649	7.32802748088	7.17885283597	7.58220137822	7.71372422427	7.63332409094	25.2709209497	24.7010811304	24.6385547858	25.0177187195	24.1515378583	24.987706933	25.1269936884	24.9724731897	
2017/05/24	13:09:22	7.34148167248	6.58562870945	7.74379626626	7.32905045989	7.1783865563	7.58383739014	7.71404083901	7.63314784716	25.2711857806	24.7011646356	24.6390152576	25.0186897662	24.1525924103	24.9864209521	25.1260321851	24.9723395813	
2017/05/24	13:09:29	7.3423761944	6.57967912551	7.74473556157	7.32953179007	7.17800848686	7.58266579316	7.71461107209	7.63446619331	25.2728224835	24.7018875525	24.6396904572	25.0196703564	24.1529908496	24.983698681	25.1251327142	24.9709176062	
2017/05/24	13:09:36	7.34356694344	6.5820240489	7.74261861373	7.32847010253	7.17679851806	7.58222568005	7.71300772217	7.63303463416	25.2729513202	24.7027774799	24.6397405603	25.0211519781	24.1538593042	24.9820715216	25.1243835529	24.970815014	
2017/05/24	13:09:42	7.34260795437	6.5784281261	7.74416555534	7.32859905565	7.17776306586	7.58396984912	7.71585222658	7.63440116893	25.2735239276	24.7030232239	24.6401294562	25.0219082971	24.1546991284	24.9802821234	25.1235532721	24.9701087982	
2017/05/24	13:09:49	7.34157131931	6.58095610268	7.74281971263	7.33174314442	7.17978913728	7.58338668654	7.71233839154	7.63278101087	25.274483045	24.70291586	24.6402272766	25.0219774872	24.1554602191	24.97879573	25.1230474689	24.9699799615	
2017/05/24	13:09:56	7.34198156758	6.57772215723	7.74346705335	7.32788868967	7.1787295797	7.58510407436	7.71574110722	7.6325718303	25.2754564777	24.7030065228	24.6403775861	25.0240842053	24.1556367731	24.9786645074	25.1224700897	24.969462229	
2017/05/24	13:10:02	7.33944550854	6.57722456633	7.74229541848	7.32849548492	7.17827173528	7.58317422529	7.71507111058	7.63406411385	25.2759193353	24.7024792468	24.640852373	25.0242917755	24.1560328265	24.9790343164	25.1221145959	24.9687273828	
2017/05/24	13:10:09	7.34090855287	6.5802585846	7.74605334784	7.32941520166	7.1779740388	7.58508456804	7.71675642588	7.63315302048	25.2763082312	24.7015535315	24.6407450092	25.0250099207	24.1561545056	24.9794255981	25.1216445807	24.96793289	
2017/05/24	13:10:16	7.34070436661	6.58042111454	7.74369538955	7.32994822811	7.17801465629	7.58388184387	7.71336331743	7.6316637439	25.2764967145	24.7009451361	24.6408118134	25.0247880353	24.1561139459	24.9796427118	25.1206329742	24.9674223151	
2017/05/24	13:10:22	7.34064108692	6.57955016189	7.74415916775	7.32942971529	7.17883785035	7.58489742583	7.7152446553	7.63269159808	25.2768474365	24.7014270807	24.6405684552	25.0249645892	24.1559159192	24.9802415637	25.1200675244	24.9674390161	
2017/05/24	13:10:29	7.33969342093	6.5776400792	7.74343296357	7.32921492129	7.1773468627	7.58133061116	7.71585350127	7.6339703744	25.2771074957	24.7009689948	24.6407235364	25.0244874164	24.156006582	24.9819832446	25.1195187756	24.9665228442	
2017/05/24	13:10:36	7.33889983681	6.580172295	7.74279735227	7.32760232789	7.17614833316	7.58302929914	7.71208807	7.6345215734	25.2774653754	24.7011240759	24.6403274829	25.0252055615	24.1560018103	24.9849798901	25.1192539447	24.9661768939	
2017/05/24	13:10:42	7.34231211216	6.58065499828	7.7459775528	7.32915135442	7.17883607777	7.58339568446	7.71294150206	7.63454550216	25.277613299	24.7013793634	24.6401413855	25.0247164594	24.156078158	24.9892243427	25.1189914996	24.9658094708	
2017/05/24	13:10:49	7.33994244449	6.57938044662	7.74332304167	7.33032888375	7.17911551335	7.58401319443	7.71316679038	7.63424363258	25.2771886151	24.7022979211	24.6401389996	25.0249168719	24.1555985992	24.9937622565	25.1192324719	24.9656329169	
2017/05/24	13:10:56	7.33830716122	6.57951590708	7.74192650355	7.32868630205	7.17757796881	7.58505717425	7.71316573551	7.63407507	25.2771599847	24.7025555945	24.6400483368	25.0246424976	24.1554029584	24.9982118933	25.1187028101	24.9650817822	
2017/05/24	13:11:02	7.3402409824	6.57912129936	7.7438873146	7.32930576874	7.17935544418	7.58341483579	7.71298984807	7.63476530414	25.276716214	24.7028180396	24.640220119	25.0246401117	24.1552097034	25.0011107184	25.1183711749	24.9644542999	
2017/05/24	13:11:09	7.33878369597	6.57827726875	7.74350643709	7.33006042753	7.1778759931	7.58309978257	7.71358763311	7.63407464657	25.276224726	24.7022048724	24.6397501038	25.0246090955	24.1550570081	25.0039331958	25.1179727356	24.9639938281	
2017/05/24	13:11:16	7.34170909459	6.57923215632	7.74381071139	7.3295710944	7.17666375033	7.58426658769	7.71368081727	7.63554126945	25.2761316772	24.7000289642	24.6397214734	25.024599552	24.1553480835	25.0075644812	25.1177699371	24.9636168616	
2017/05/24	13:11:22	7.34019528845	6.58040475764	7.74499543005	7.33018237695	7.17789050699	7.58297985321	7.71377694538	7.6351770588	25.2754994232	24.6979747351	24.6393445068	25.0244373132	24.1549782745	25.0108689032	25.1172068732	24.9630156238	
2017/05/24	13:11:29	7.33995031186	6.58139999404	7.74541447825	7.33068955744	7.17812417571	7.58283465844	7.71399198382	7.6362377365	25.2750270221	24.6958942615	24.6386263617	25.0241486237	24.154811264	25.0132165936	25.1163765924	24.9627985101	
2017/05/24	13:11:36	7.34081828572	6.5793780015	7.74205456741	7.328156278	7.17595391291	7.5821382178	7.7131866545	7.63442680212	25.274430556	24.6949088995	24.6380465967	25.023263468	24.1544271399	25.0156859631	25.1163622772	24.9628963306	
2017/05/24	13:11:42	7.33884939932	6.58036544645	7.74435430698	7.32948087256	7.1781473784	7.58332125191	7.71283858993	7.63464908219	25.2738245465	24.6930455396	24.6374739893	25.0236404346	24.1542529718	25.0178714148	25.1165221301	24.9625050488	
2017/05/24	13:11:49	7.33931997176	6.57888305077	7.74456737126	7.3300340072	7.17848855088	7.58405269452	7.7140831611	7.63480959634	25.2732495532	24.6918048901	24.6375097772	25.0230224957	24.1530624255	25.0195057318	25.1159876965	24.962450174	
2017/05/24	13:11:56	7.33955733335	6.58015013587	7.74401544015	7.32977824211	7.1768554626	7.58401221035	7.71253331867	7.63297573443	25.2727866956	24.6900226495	24.6367606158	25.0224785187	24.153229436	25.0222518616	25.1157610394	24.9620588922	
2017/05/24	13:12:02	7.34057149074	6.57996701637	7.74424655909	7.32846942907	7.17887769261	7.58423757803	7.71441903138	7.63360839884	25.272445517	24.6897625903	24.6359279492	25.0218104767	24.1525399213	25.0243251776	25.1154389478	24.9617892896	
2017/05/24	13:12:09	7.34112146466	6.58004610227	7.74399616224	7.32944911548	7.17795178151	7.58344715964	7.7141591791	7.63408816214	25.270932879	24.6902540784	24.6353672711	25.0220657642	24.1520603625	25.0266060638	25.1156250452	24.9613502905	
2017/05/24	13:12:16	7.34018939589	6.57948934563	7.74439374486	7.32909029612	7.17789445957	7.58510760839	7.71281380551	7.63367256308	25.2700644244	24.6900512799	24.6353290973	25.0214645264	24.1515831897	25.02656789	25.1147780634	24.960708493	
2017/05/24	13:12:22	7.33862540043	6.58208847875	7.74520165164	7.33065078869	7.17806438565	7.58403169454	7.71307998459	7.635540836	25.269878327	24.6900727527	24.6344582568	25.0211042609	24.1508173273	25.0268518079	25.1146420691	24.960656004	
2017/05/24	13:12:29	7.34104003095	6.57864900297	7.74261437001	7.32695956161	7.17655457391	7.58299965974	7.71380013993	7.63536930854	25.2697972076	24.6901610297	24.6342912463	25.0209825818	24.1508340283	25.0282713971	25.1145108466	24.9603482275	
2017/05/24	13:12:36	7.34145282927	6.58021270502	7.74383728076	7.3287158052	7.17804495426	7.58286816043	7.71213100443	7.63428431032	25.2700882831	24.6902445349	24.6344868872	25.020627088	24.1506670178	25.0298412958	25.1139310815	24.9599927338	
2017/05/24	13:12:42	7.34139255313	6.58180237302	7.74446397925	7.33009670389	7.17762529045	7.58329810825	7.71417393481	7.63442874371	25.2685708734	24.6894882159	24.6336900085	25.0197872638	24.1496888135	25.0316378516	25.1131103442	24.9592745886	
2017/05/24	13:12:49	7.34104404551	6.57932026649	7.7434443956	7.32917899287	7.1780759523	7.58380110759	7.71341188749	7.63554318416	25.2690074866	24.6898222369	24.6335540143	25.0204481482	24.1495766779	25.0333198859	25.1133823328	24.9597326746	
2017/05/24	13:12:56	7.33977516194	6.58076588898	7.74383099607	7.3302780579	7.17828241957	7.58470289169	7.71520881818	7.63629706098	25.2684754388	24.6894404987	24.6337663562	25.0203646429	24.1500299921	25.0344531714	25.1129934369	24.9595155609	
2017/05/24	13:13:02	7.34025956208	6.5786133023	7.7443807382	7.32994576175	7.17849650099	7.58407899461	7.71483974853	7.63537065337	25.268279798	24.6887509839	24.6329837927	25.0195987805	24.1491925537	25.0365431885	25.112728606	24.958985899	
2017/05/24	13:13:09	7.34137491785	6.5798447873	7.7438928658	7.33067932673	7.17917954157	7.58525220331	7.71466224594	7.63484501895	25.2681605048	24.6888297174	24.6331126294	25.0195892371	24.1492832166	25.0388837213	25.1133203003	24.95893341	
2017/05/24	13:13:16	7.34010914605	6.57966498466	7.74300308087	7.32927341752	7.17847318782	7.58481775855	7.71463301397	7.63466246059	25.2681962927	24.688696109	24.6331531891	25.0189832275	24.148942038	25.0399239581	25.1132463385	24.958635177	
2017/05/24	13:13:22	7.34118236777	6.57950228491	7.74353505884	7.32913413284	7.17737811934	7.58479415005	7.71410221713	7.63522089936	25.2669174695	24.6885052399	24.6331579608	25.018377218	24.1487058374	25.0409021625	25.1133059851	24.9585087262	
2017/05/24	13:13:29	7.33992354828	6.57846347716	7.74322080207	7.33026327484	7.17928471822	7.58437599681	7.71716662234	7.63383613176	25.2661754657	24.6879135455	24.6327404346	25.0186706793	24.1483527295	25.0421976868	25.1134968542	24.9581174445	
2017/05/24	13:13:36	7.34190264851	6.58007432303	7.74420409028	7.33102936642	7.17766437841	7.58477675471	7.71303094508	7.63362945794	25.2667027417	24.6879374042	24.6330076514	25.0184511798	24.1479853064	25.0438081451	25.1133990338	24.9575305219	
2017/05/24	13:13:42	7.33882649832	6.5782488227	7.7438196588	7.32828084976	7.17965015377	7.58555759144	7.71587842437	7.63343322339	25.2658557599	24.687307536	24.6328883582	25.0180026373	24.1480020074	25.0460699445	25.1131866919	24.956948371	
2017/05/24	13:13:49	7.34033397543	6.58081200191	7.74411052115	7.32996967873	7.18003766162	7.58657035581	7.71656338065	7.63469729934	25.2664092804	24.687500791	24.632838255	25.0178403986	24.1478063666	25.0458981622	25.1127166766	24.9562851007	
2017/05/24	13:13:56	7.34145058288	6.57968025687	7.74396803834	7.32956710359	7.17881895384	7.58619593975	7.71690223754	7.63561252007	25.2662136395	24.6880519257	24.6330529828	25.0181457892	24.147939975	25.0440133295	25.1126737311	24.955998797	
2017/05/24	13:14:02	7.34117125728	6.57924609818	7.74425559908	7.33040358589	7.17943652489	7.58612216768	7.71543958733	7.63554588882	25.2657627112	24.6884718378	24.6330625262	25.0182054358	24.1482477515	25.0403438702	25.1122347321	24.9559152917	
2017/05/24	13:14:09	7.33925957868	6.58009020237	7.744303163	7.32818911161	7.17841824776	7.58465046274	7.71557319114	7.63427616406	25.2658295154	24.6886412341	24.6328334833	25.0181410175	24.1482310504	25.0350615668	25.1116263367	24.9552854236	
2017/05/24	13:14:16	7.34093088041	6.57920191088	7.74410484989	7.32916086101	7.17761512896	7.58443474237	7.71623619133	7.63436665294	25.2657817981	24.6885720441	24.6331317163	25.0180097949	24.1484243054	25.0309769672	25.1110179413	24.9552806519	
2017/05/24	13:14:22	7.34111989456	6.58054726875	7.74498846062	7.32882701902	7.17903547666	7.58497417165	7.7136820498	7.6330561652	25.2660681018	24.6887151959	24.6330291241	25.0178260834	24.1482310504	25.0253510992	25.1103427417	24.9548106366	
2017/05/24	13:14:29	7.33877881024	6.57880008747	7.74228903952	7.32748158038	7.17921882045	7.58553193056	7.71525904178	7.63393515399	25.2668244208	24.6885410278	24.6332629388	25.0177855237	24.1477801221	25.0213738635	25.1094719012	24.9539397961	
2017/05/24	13:14:35	7.34032253121	6.58004830979	7.74379395258	7.32894828317	7.17833136025	7.58631523379	7.71645880904	7.63498741256	25.2663138458	24.6882356372	24.633277254	25.0177139478	24.1480210944	25.0170816937	25.1089827991	24.953185863	
2017/05/24	13:14:42	7.33827100097	6.57888344892	7.74387938448	7.33043388223	7.18028906464	7.5865413513	7.71650857913	7.63529808414	25.2658939337	24.6882952838	24.6329360754	25.0178976593	24.1478731708	25.0139108801	25.1082765833	24.9526204132	
2017/05/24	13:14:49	7.34058893266	6.57790834856	7.74301662253	7.32828012254	7.17907837435	7.58593227981	7.71555859435	7.63348723296	25.2659010913	24.6883310718	24.6328096246	25.0176590729	24.1477968231	25.0108879901	25.1075870685	24.9520955231	
2017/05/24	13:14:55	7.34118139864	6.58134742293	7.74497496294	7.33015022043	7.17916245811	7.58578304917	7.7155713411	7.63502372468	25.2653929022	24.6878944586	24.6325280927	25.0175803394	24.1474222424	25.0076098126	25.1070383197	24.9517925183	
2017/05/24	13:15:02	7.34069193362	6.58026068974	7.74429500389	7.33025616379	7.17843478953	7.5852056554	7.71639858942	7.63576389766	25.2654358478	24.6879612628	24.6324374298	25.0175302362	24.1473148785	25.0048732263	25.1063249463	24.9515181439	
