data	hora	D40	D41	D42	D43	D44	D45	D46	D47	T40	T41	T42	T43	T44	T45	T46	T47
14/08/2015	08:56:56	
14/08/2015	08:57:02	
14/08/2015	08:57:09	
14/08/2015	08:57:16	
14/08/2015	08:57:23	
14/08/2015	08:57:29	
14/08/2015	09:00:52	
14/08/2015	09:00:59	
14/08/2015	09:01:06	
14/08/2015	09:01:12	
14/08/2015	09:01:19	
14/08/2015	09:01:26	
14/08/2015	09:01:33	
14/08/2015	09:04:42	
14/08/2015	09:04:48	
14/08/2015	09:04:55	
14/08/2015	09:05:02	
14/08/2015	09:05:09	
14/08/2015	09:05:15	
14/08/2015	09:05:22	
14/08/2015	09:05:29	
14/08/2015	09:05:36	
14/08/2015	09:05:43	
14/08/2015	09:05:50	
14/08/2015	09:05:56	
14/08/2015	09:06:03	
14/08/2015	09:06:10	
14/08/2015	09:06:17	
14/08/2015	09:06:24	
14/08/2015	09:06:30	
14/08/2015	09:06:37	
14/08/2015	09:06:44	
14/08/2015	09:06:51	
14/08/2015	09:06:58	
14/08/2015	09:07:04	
14/08/2015	09:07:11	
14/08/2015	09:07:18	
14/08/2015	09:07:25	
14/08/2015	09:07:31	
14/08/2015	09:19:32	10.4618203473	10.0284695776	10.0301992	10.0283109959	10.0281790265	10.0272579562	8.10655902069	8.4433394085	-36.0224376367	21.3295352283	21.4791098303	21.4036330145	21.2933965424	20.802335575	21.6429519006	21.4019652954	
14/08/2015	09:19:39	10.4618285102	10.0284848173	10.0302130242	10.0283237293	10.0281914457	10.0272689583	8.10641285191	8.44312760818	-36.0225879462	21.3312482788	21.4805890662	21.4049476257	21.2946705939	20.8034139856	21.6445432721	21.4025856201	
14/08/2015	09:19:46	10.4618246291	10.0284859878	10.0302218431	10.0283348542	10.0281984493	10.0272761287	8.10653709897	8.44286576256	-36.0226404352	21.3322670428	21.4827912189	21.4075195874	21.2966079156	20.8054348126	21.6459485461	21.4042676544	
14/08/2015	09:20:29	10.461812464	10.0285563199	10.0302790921	10.0283873422	10.0282543104	10.0273320493	8.10533587313	8.44327223571	-36.0223350446	21.3440031091	21.4923919366	21.4164140894	21.3060869543	20.8151906116	21.6557019592	21.4117210944	
14/08/2015	09:20:38	10.4618352149	10.0285755341	10.0302978065	10.0284071175	10.0282734651	10.0273608513	8.10620597744	8.44232034838	-36.022976842	21.3460358655	21.4943316443	21.4185279651	21.3081173248	20.8188362122	21.6575677051	21.4135987695	
14/08/2015	09:27:01	10.461971695	10.029461745	10.0311267405	10.0291772513	10.0290939417	10.0282131886	8.10059025072	8.44306911993	-36.0236544275	21.4659016858	21.6043939484	21.5198937939	21.4180006891	20.9368315149	21.7562208063	21.4944318506	
14/08/2015	09:27:08	10.4619734326	10.0294827513	10.0311459354	10.0291937664	10.0291101953	10.0282329937	8.1005761889	8.44306947318	-36.0234635583	21.4681253113	21.6063217267	21.5214135895	21.4194894684	20.9389286896	21.7583537689	21.4960613959	
14/08/2015	09:29:42	10.4620011303	10.0297208056	10.0313938818	10.0294225038	10.029371057	10.0285139344	8.09827481333	8.4409722439	-36.023909715	21.5026797833	21.6421526361	21.5544244073	21.4577038562	20.9813899158	21.7943588464	21.5282538623	
14/08/2015	09:29:49	10.4620235675	10.0297526054	10.0314242427	10.0294515398	10.0294006937	10.0285433763	8.09769832581	8.44168701041	-36.0239860626	21.5043999915	21.6436414154	21.5557151599	21.4590995868	20.9827832605	21.7952440021	21.5289433771	
14/08/2015	09:29:56	10.4620372659	10.0297847584	10.0314517654	10.0294831807	10.0294266483	10.0285744906	8.09800357015	8.44145730971	-36.0237975793	21.5064756934	21.6449894287	21.5577097424	21.460220943	20.9847539844	21.7971765521	21.5303128632	
14/08/2015	09:30:03	10.4620021438	10.0297516142	10.0314186465	10.0294512904	10.029396563	10.0285440864	8.0981345633	8.44110990964	-36.0239121008	21.5073274469	21.6458316388	21.5587452075	21.4615355542	20.9860685956	21.7984863916	21.5309498889	
14/08/2015	09:30:10	10.4620048531	10.0297585399	10.0314266119	10.0294591575	10.0293979691	10.0285549088	8.09780976277	8.4414878103	-36.0240170789	21.5084058575	21.6470627448	21.55996677	21.4617550537	20.9878031189	21.7996268347	21.5321499786	
14/08/2015	09:30:16	10.4620378499	10.0297964493	10.031459275	10.029495937	10.0294355006	10.0285918482	8.0976876894	8.44152249116	-36.0242628229	21.5100998212	21.6479383569	21.5614865656	21.4634060718	20.9893921045	21.8011967334	21.5335886548	
14/08/2015	09:30:23	10.4620699381	10.0298267133	10.0314885308	10.0295237522	10.0294645667	10.0286206152	8.09655494856	8.44186223617	-36.0246946643	21.5115050952	21.6491813922	21.5625124872	21.4646371777	20.9905993518	21.8027785614	21.534411778	
14/08/2015	09:30:30	10.4620321299	10.0297967732	10.0314613166	10.0294940178	10.0294325712	10.0285909948	8.09670856334	8.44138331944	-36.024594458	21.512404566	21.6504888458	21.5634334308	21.4652026276	20.9915751703	21.80421008	21.5353231781	
14/08/2015	09:30:37	10.4619935197	10.0297787086	10.0314465449	10.0294805348	10.0294174933	10.028576051	8.09621341048	8.44153730054	-36.0239836768	21.5131990588	21.6517819843	21.5649317535	21.4664552063	20.9928921674	21.8054912891	21.5361558447	
14/08/2015	09:30:44	10.4619811246	10.0297809784	10.0314453681	10.0294825087	10.0294177251	10.0285791031	8.09660364655	8.4411923846	-36.0236878296	21.514303714	21.6523450482	21.5659863055	21.4672425415	20.9941542896	21.8066460474	21.5370887177	
14/08/2015	09:30:51	10.4620169554	10.0297952133	10.0314638923	10.0295005496	10.029438143	10.0285994481	8.0951221125	8.4425804161	-36.0245228821	21.5142655402	21.6529725305	21.5665422119	21.4681754144	20.9950943201	21.8077554742	21.5381217969	
14/08/2015	09:30:57	10.4620373856	10.0298285422	10.0314994738	10.0295368162	10.0294726341	10.0286393346	8.09527523056	8.44273449737	-36.024207948	21.5149455115	21.654000838	21.567682655	21.4690510266	20.9968455444	21.8089794226	21.5392837128	
14/08/2015	09:31:04	10.4620378183	10.0298179241	10.0314882983	10.029528466	10.0294589575	10.0286309583	8.09618400259	8.44144626331	-36.0247042078	21.5152461304	21.6542107941	21.5683316101	21.4688697009	20.9975135864	21.8100363605	21.539737027	
14/08/2015	09:31:11	10.4620431838	10.0298299845	10.0315020879	10.0295411079	10.0294720403	10.0286490588	8.09558647362	8.44179273741	-36.0245801428	21.5157710205	21.6550005151	21.5689471631	21.4695592157	20.9990214526	21.8109907062	21.5408870135	
14/08/2015	09:31:18	10.4620260738	10.0298205991	10.0314966193	10.0295396988	10.0294628798	10.0286424819	8.09543437574	8.44201364095	-36.0242675946	21.5157376184	21.6555707367	21.5701496387	21.4695568298	20.999436593	21.8118162152	21.5415789142	
14/08/2015	09:31:25	10.4620548201	10.0298475466	10.0315198889	10.0295703361	10.0294862216	10.0286724061	8.09447391171	8.442825723	-36.0245515125	21.5165511981	21.6558140948	21.5715382117	21.4698192749	21.0007512042	21.8126130939	21.5421992389	
14/08/2015	09:31:32	10.4620579589	10.029863668	10.0315356668	10.0295868345	10.0295045009	10.0286906442	8.09592011971	8.44138103166	-36.0241936328	21.5171071045	21.6563151263	21.5721537646	21.4707187457	21.0016626044	21.8135340375	21.5427837756	
14/08/2015	09:31:38	10.4620307802	10.0298274456	10.0314973308	10.0295540423	10.0294698328	10.0286562399	8.09581352557	8.44121763907	-36.0246159308	21.5174792993	21.6563509143	21.5730484637	21.4713175977	21.0023354181	21.8142330957	21.5431869867	
14/08/2015	09:31:45	10.4620376652	10.029844623	10.0315170119	10.0295780567	10.029495557	10.0286813042	8.09572462895	8.44139150493	-36.0242556653	21.5175985925	21.6568591034	21.5742318524	21.4727777466	21.0037216052	21.8160797546	21.5441866638	
14/08/2015	09:31:52	10.4620268894	10.0298454969	10.0315198231	10.0295823626	10.0295010168	10.0286874732	8.09679305989	8.44026940003	-36.023838139	21.5177345868	21.6572933307	21.5748998944	21.4736295001	21.004709353	21.8175661481	21.5451624823	
14/08/2015	09:31:59	10.4620479501	10.0298501317	10.0315251107	10.0295922625	10.0295076115	10.0286999641	8.09547654831	8.44122801152	-36.0244513062	21.5176296088	21.6572909448	21.5756132678	21.4738322986	21.0058593396	21.8189571069	21.5462528223	
14/08/2015	09:32:06	10.4620665164	10.02986515	10.0315402645	10.0296122118	10.0295244858	10.0287159569	8.09617637275	8.44055274505	-36.0247280664	21.5181640424	21.6578444653	21.5769135638	21.4746625793	21.0065655554	21.8197444421	21.5470115271	
14/08/2015	09:32:13	10.4620850061	10.0298834001	10.0315610799	10.0296338696	10.0295471363	10.0287374726	8.0952197908	8.44143674543	-36.0247805554	21.5183000366	21.6583788989	21.5775816058	21.4754928601	21.0072288257	21.8208944287	21.5474242816	
14/08/2015	09:32:19	10.4620478337	10.0298600107	10.0315367337	10.0296142771	10.0295270253	10.0287173213	8.09581138204	8.4409834875	-36.0243176978	21.5186412152	21.6585649963	21.5785049353	21.4763350702	21.0080972803	21.8222472137	21.5481638995	
14/08/2015	09:32:26	10.4620404944	10.0298641128	10.0315385004	10.0296182609	10.0295316388	10.0287194804	8.09569463991	8.44095472946	-36.0240886548	21.5195048981	21.6590612561	21.5793471454	21.4772798724	21.0086746594	21.8230178479	21.5489965662	
14/08/2015	09:32:33	10.4620536086	10.0298818753	10.0315578165	10.0296342533	10.0295510678	10.0287383023	8.09423123841	8.44232907634	-36.0241172852	21.5203160919	21.6601086505	21.5798839648	21.4783582831	21.0096791083	21.8237383789	21.5495524725	
14/08/2015	09:32:40	10.4620733547	10.0298978013	10.0315690368	10.0296480873	10.0295634043	10.0287490642	8.09555631503	8.44075903433	-36.0245873004	21.5215925293	21.6606502417	21.5808335388	21.4790812	21.0101658246	21.8244946979	21.5499198956	
14/08/2015	09:32:47	10.462056754	10.0298953396	10.0315624537	10.0296446012	10.0295591935	10.028746046	8.09575940186	8.44077295669	-36.024312926	21.5227114996	21.6611226428	21.5817878845	21.4799257959	21.0112275342	21.8256208258	21.5506070245	
14/08/2015	09:32:54	10.462096972	10.0299279132	10.0315955814	10.0296778177	10.029591205	10.0287822474	8.09512260541	8.44131367907	-36.0248569031	21.5236491443	21.6621437927	21.5828281213	21.4807894788	21.0127735742	21.8269497522	21.5521578363	
14/08/2015	09:33:00	10.462047639	10.0298833661	10.0315502052	10.0296301278	10.0295418118	10.0287377904	8.09429552181	8.44201328778	-36.0248449738	21.5244531805	21.6628046771	21.5831311261	21.4808181091	21.0136133984	21.8277323157	21.5524322107	
14/08/2015	09:33:07	10.462096353	10.0299322627	10.0315964087	10.0296750453	10.0295848692	10.0287828124	8.09402119872	8.44205518467	-36.0252386414	21.5259777478	21.6639093323	21.5840425262	21.481452749	21.0145629724	21.8285745258	21.5538136261	
14/08/2015	09:33:14	10.4620766167	10.0299260008	10.031590262	10.0296681552	10.0295808607	10.0287776867	8.09511902061	8.44107619465	-36.0249165497	21.5268056427	21.6647467706	21.584767829	21.4826289801	21.0155960516	21.8299320825	21.5542311523	
14/08/2015	09:33:21	10.4620617983	10.0299308732	10.031595995	10.0296725309	10.0295884157	10.0287851748	8.09415243374	8.44182188305	-36.0244346051	21.5279389282	21.6660041211	21.5858199951	21.4841821777	21.0171802655	21.8313087262	21.5551401666	
14/08/2015	09:33:28	10.4620246692	10.0299052968	10.0315694245	10.0296471365	10.0295623769	10.0287595448	8.09501190004	8.44130463309	-36.0241578448	21.5286904755	21.6665910437	21.5865906293	21.4848502197	21.0179437421	21.8320483441	21.5557175458	
14/08/2015	09:33:35	10.4620939214	10.0299667017	10.0316358409	10.0297084165	10.0296277452	10.0288233224	8.09448098453	8.44162662247	-36.0247018219	21.5295326855	21.6682110455	21.5874232959	21.4863366132	21.0191915491	21.8337637805	21.5571753088	
14/08/2015	09:33:41	10.4620504549	10.0299200935	10.0315862749	10.029665139	10.0295789115	10.0287789514	8.09526598996	8.44064945439	-36.0249356366	21.5300909778	21.6682993225	21.5884850055	21.4865274823	21.0201220361	21.8345153278	21.5580700079	
14/08/2015	09:33:48	10.4620579788	10.0299429442	10.0316120345	10.029696007	10.0296021591	10.0288047719	8.09521836307	8.44043686257	-36.02448948	21.5306421124	21.6692989996	21.5902815613	21.4871501929	21.0211646588	21.8359659332	21.5592653259	
14/08/2015	09:33:55	10.4620977043	10.0299796014	10.0316452268	10.0297259942	10.0296336677	10.0288373988	8.09423970182	8.44192344314	-36.0250143701	21.532214397	21.670329693	21.5908207666	21.4879351422	21.0221380914	21.8369679962	21.5602029706	
14/08/2015	09:34:02	10.46207324	10.0299626541	10.0316297404	10.0297071123	10.0296160351	10.0288203564	8.09472399413	8.4409948874	-36.0249332507	21.5331067102	21.671436734	21.5914053033	21.488712934	21.0230399481	21.8376956848	21.560952132	
14/08/2015	09:34:09	10.4620576443	10.0299716986	10.0316376579	10.0297143515	10.0296192257	10.0288288047	8.09395359885	8.44181214457	-36.0243105402	21.5344380225	21.6725843347	21.5924526978	21.4891352319	21.0243139996	21.8389029321	21.5620901892	
14/08/2015	09:34:16	10.4620909725	10.029989888	10.0316603152	10.0297365607	10.0296394636	10.0288507598	8.09398542439	8.44159572914	-36.0251408209	21.5353899823	21.6742210376	21.5940273682	21.4904140552	21.0258958276	21.8401745978	21.5633165234	
14/08/2015	09:34:22	10.4620413898	10.0299703051	10.031641727	10.029720062	10.0296211923	10.0288347275	8.09387034312	8.44160547429	-36.0241602307	21.5361725458	21.6751467529	21.5952799469	21.4913922595	21.0272676996	21.8415894153	21.5643663037	
14/08/2015	09:34:29	10.4620356282	10.029973051	10.0316421965	10.0297211127	10.0296223563	10.0288388743	8.09496696176	8.44050074863	-36.02410297	21.5372748151	21.6758887567	21.5961149994	21.4922487848	21.0286252563	21.842841994	21.5653134918	
14/08/2015	09:34:36	10.4620702925	10.030006637	10.0316735737	10.0297520569	10.0296517791	10.0288711752	8.09257226697	8.44297617019	-36.0244870941	21.538594198	21.6768621893	21.5970263995	21.4929335278	21.0297776288	21.8439895947	21.5666543475	
14/08/2015	09:34:43	10.4620720283	10.0300134415	10.0316800144	10.0297613862	10.0296582296	10.0288837107	8.09316939633	8.4421186805	-36.0244990234	21.5394268646	21.6776328235	21.598247962	21.4937137054	21.0315503259	21.8451181085	21.567384422	
14/08/2015	09:34:50	10.4620932741	10.0300296488	10.0316931263	10.0297674578	10.0296712563	10.0288950632	8.09346417876	8.4420997915	-36.0251193481	21.5411208282	21.6788376849	21.5983672552	21.4949185669	21.032516601	21.8468359308	21.5684461316	
14/08/2015	09:34:56	10.462077978	10.0300287349	10.0316926783	10.0297636834	10.0296708063	10.0288948594	8.09436719597	8.44097067006	-36.024840202	21.5422541138	21.6800330029	21.5990519983	21.4961234283	21.0337954242	21.8478141351	21.5697846014	
14/08/2015	09:35:03	10.4620275616	10.0299948702	10.0316576827	10.0297389686	10.0296486032	10.0288750551	8.09437728458	8.44089734666	-36.0244727789	21.5434422742	21.6810302942	21.5997033392	21.4971636652	21.035257959	21.8489545782	21.5704144696	
14/08/2015	09:35:10	10.4620519726	10.0300349793	10.0316952669	10.0297620005	10.0296742815	10.0289036229	8.09449689149	8.44031275562	-36.0242198773	21.5447998309	21.6819941833	21.6003594519	21.4982396899	21.0368159283	21.8502572601	21.5717672546	
14/08/2015	09:35:17	10.4620905164	10.0300673711	10.0317263523	10.029790482	10.029706585	10.0289376887	8.09440665836	8.44037478071	-36.0247543109	21.5459331165	21.6829222845	21.6008891138	21.4993729755	21.0382498328	21.8514000891	21.5728265784	
14/08/2015	09:35:24	10.4620855738	10.0300555839	10.0317182157	10.0297793217	10.0296924735	10.0289260791	8.09236097542	8.44236704686	-36.025226712	21.546801571	21.6843442596	21.6018482312	21.499874007	21.0391707764	21.8526073364	21.5735113214	
14/08/2015	13:04:25	10.4623700008	10.0414095242	10.0426563732	10.040148055	10.0409735951	10.0401924058	8.09103376107	8.408758294	-36.0249237073	23.1925516492	23.2600668359	23.1023134912	23.1390987463	22.7142980011	23.3168360901	23.3311107159	
14/08/2015	13:04:32	10.4624006531	10.041410235	10.0426704058	10.040149294	10.0409819299	10.040193551	8.09132820265	8.40836779423	-36.0256871838	23.1910676416	23.260486748	23.1009010596	23.1387074646	22.7128426239	23.3163541455	23.3304569891	
14/08/2015	13:04:39	10.4623925899	10.0413960516	10.0426630933	10.0401415515	10.040972714	10.040182042	8.09126683402	8.40851571124	-36.0256513959	23.1900751221	23.2604748187	23.1008270978	23.1384211609	22.7122175275	23.3164352649	23.3303830273	
14/08/2015	13:04:46	10.4623794438	10.0414072139	10.0426769042	10.0401514358	10.0409842116	10.0401912055	8.09121852615	8.40855890235	-36.024699436	23.1900154755	23.2607945245	23.1005861255	23.1384140033	22.7118644196	23.3163970911	23.3298128058	
14/08/2015	13:04:53	10.4624262508	10.0414245177	10.042704482	10.040175558	10.0410135894	10.0402132191	8.090219088	8.40944365069	-36.0254987006	23.1886960925	23.2609472198	23.1002449469	23.1388315295	22.7112035352	23.3162730261	23.3297316864	
14/08/2015	13:04:59	10.4624142848	10.0414089594	10.0426940099	10.0401601866	10.0410001375	10.0402000392	8.09063197592	8.40886064788	-36.0254223529	23.1879206866	23.2608971167	23.0994910138	23.1383519708	22.7107573785	23.316222923	23.3293117743	
14/08/2015	13:05:06	10.4623756393	10.0413746794	10.0426649154	10.0401316095	10.040973445	10.0401683845	8.09119163712	8.4085576682	-36.0249761963	23.1869520258	23.2606656879	23.0993311609	23.1384569489	22.7101489832	23.3157147339	23.3287224658	
14/08/2015	13:05:13	10.4623792808	10.0413540936	10.0426539832	10.040118565	10.0409635537	10.0401559575	8.09088552141	8.40883771569	-36.0254676843	23.1853200946	23.2604127863	23.0987728687	23.138349585	22.7096718103	23.3154928485	23.3284290045	
14/08/2015	13:05:20	10.4623904444	10.0413686913	10.0426739864	10.040141925	10.0409859511	10.0401800322	8.08980682361	8.40967886536	-36.025033457	23.1841653363	23.2600358197	23.0988754608	23.1383185687	22.7098769946	23.3154928485	23.3285125098	
14/08/2015	13:05:27	10.4624170094	10.0413689317	10.0426797331	10.0401456108	10.0409933311	10.0401823947	8.09051890125	8.40928862879	-36.0257492163	23.1830272791	23.2596874835	23.0982288916	23.1382040472	22.7090228552	23.3152781207	23.3279900055	
14/08/2015	13:05:33	10.4623895874	10.0413522065	10.0426750407	10.0401390336	10.0409856828	10.0401723609	8.09070559815	8.40893686302	-36.0250740167	23.1820848627	23.2604605035	23.0987370807	23.1382112048	22.7086840625	23.3148128772	23.3277609625	
14/08/2015	13:05:40	10.462393069	10.0413284942	10.042668917	10.0401336647	10.0409636953	10.0401587275	8.09078500961	8.40918506317	-36.025245799	23.1788329297	23.2597256573	23.0981048267	23.1355438086	22.7071833539	23.3149608008	23.3279685327	
14/08/2015	13:05:47	10.462383666	10.0412664294	10.0425621048	10.0400864823	10.0409031176	10.040102141	8.09079191273	8.40873146496	-36.0253794073	23.1718208746	23.2463624316	23.0931994897	23.1287250085	22.7008083246	23.314746073	23.3276321259	
14/08/2015	13:05:54	10.4624174835	10.0412585628	10.042465541	10.0400515219	10.0408799807	10.0400858296	8.09007533965	8.40960931422	-36.0252696576	23.165381427	23.2273041479	23.0828519965	23.1200977234	22.6929826898	23.3148033337	23.3274842023	
14/08/2015	13:06:01	10.4623888336	10.0411818543	10.0423309727	10.039940507	10.0407866928	10.0400032397	8.09096874625	8.40886977125	-36.0255058582	23.1594453967	23.2131225708	23.0719557544	23.1117567419	22.6860445966	23.3141329059	23.327190741	
14/08/2015	13:06:07	10.4623753697	10.0411524518	10.0422664967	10.039875936	10.0407416937	10.0399600309	8.09142707956	8.40820582043	-36.0250764026	23.1555826825	23.2042614709	23.0630206927	23.1056465436	22.6800680066	23.3143380902	23.3273983112	
14/08/2015	13:06:14	10.4623999824	10.0411451275	10.0422415032	10.0398381898	10.0407210647	10.0399401826	8.09077551884	8.40866036382	-36.0255321027	23.1526695422	23.1988336298	23.055722334	23.100822326	22.6752509467	23.3130043921	23.3267779865	
14/08/2015	13:06:21	10.4623667356	10.0411107625	10.0421920817	10.0397823086	10.0406777317	10.0398988029	8.09064101465	8.40783433073	-36.0250000549	23.150581911	23.1945963348	23.0505259216	23.0974343988	22.6720849048	23.313111756	23.326047912	
14/08/2015	13:06:28	10.4623893843	10.0411061873	10.0421876603	10.0397687079	10.0406671817	10.039892239	8.09079050801	8.40811242377	-36.0252505707	23.1475781079	23.191623548	23.0462122791	23.0935716846	22.6687184503	23.3128898706	23.3259381622	
14/08/2015	13:06:35	10.4623737903	10.0410735646	10.042159562	10.0397304185	10.0406408096	10.0398642846	8.09008700968	8.40862991555	-36.0251074188	23.1446339514	23.1891923523	23.0422970758	23.0913743036	22.6662466949	23.3128612402	23.3254586035	
14/08/2015	13:06:42	10.4624110115	10.041072624	10.0421696801	10.0397328453	10.040641331	10.0398647877	8.09035224345	8.40860766364	-36.0258303357	23.1418043164	23.188090083	23.0400806079	23.0888930048	22.6637033636	23.3127109308	23.325432359	
14/08/2015	13:06:49	10.4623956452	10.0410598966	10.0421614286	10.0397186257	10.0406344011	10.0398523789	8.09011246144	8.40889895404	-36.0251980817	23.139843136	23.1867730859	23.0378951563	23.0877597192	22.6617421832	23.3119665411	23.3247690887	
14/08/2015	13:06:56	10.4624225429	10.041062677	10.0421729563	10.0397262729	10.0406409414	10.0398607437	8.09008070189	8.40890560304	-36.025613222	23.137891499	23.1860787994	23.0366378058	23.0863496735	22.6605635663	23.312021416	23.3242919159	
14/08/2015	13:07:03	10.4623295939	10.0410022195	10.0421568329	10.0397024949	10.0406252072	10.0398450668	8.08971231551	8.40940821405	-36.0224543378	23.1360734705	23.1854274585	23.0348794238	23.0857484357	22.6599623285	23.3119808563	23.3238839331	
14/08/2015	13:07:09	10.4623723542	10.0409904114	10.0421169261	10.0396591865	10.0405824739	10.0398015341	8.09011225441	8.40876305976	-36.025439054	23.1341743225	23.1846830688	23.0336387744	23.0845865198	22.6586715759	23.310931076	23.3238767755	
14/08/2015	13:07:16	10.4623837443	10.0409989265	9.45131933659	10.0188097853	10.0405939373	10.0398067729	8.08981285653	8.40927455085	-36.0254008801	23.1335969434	23.1845446887	23.0329969769	23.0844362103	22.6576003229	23.3106901038	23.3232278204	
14/08/2015	13:07:23	10.4624110862	10.0410095816	10.0421496843	10.0396872517	10.0406059196	10.0398238447	8.09008697234	8.40909043349	-36.0255750482	23.1318051593	23.1842679285	23.0325460486	23.0828400671	22.6567080096	23.310210545	23.322707702	
14/08/2015	13:07:30	10.4623308759	10.0035097546	10.0421154167	10.0396634172	10.0405560427	10.0397901385	8.09035310617	8.40863462043	-36.0230388745	23.1277635052	23.1815050977	23.0312648395	23.0778178229	22.6539571082	23.3099910455	23.322232915	
14/08/2015	13:07:37	10.4623721661	10.0409329309	10.0420317597	10.0396222114	10.0405116574	10.0397572927	8.09264508426	8.4062898956	-36.0244727789	23.1223404358	23.1689220496	23.0247060986	23.0708176971	22.6485006366	23.3091679224	23.3221255511	
14/08/2015	13:07:43	10.4623993864	10.0409077358	10.0419600222	10.0395821177	10.040475917	10.0397259498	8.09139174942	8.40786301774	-36.025121734	23.1172060559	23.1571406519	23.0174029681	23.06415875	22.6423427209	23.3086573474	23.3221565674	
14/08/2015	13:07:50	10.4624042794	10.040870787	10.0419084351	10.039532389	10.0404300541	10.0396933236	8.09063476512	8.40830921185	-36.0252744293	23.1117686713	23.1496180219	23.0100974518	23.0574258411	22.6374111395	23.3088148145	23.3222949475	
14/08/2015	13:07:57	10.4623016269	9.97371972268	10.041856455	10.0394777073	10.04037846	10.0396395714	8.09018906988	8.40914749528	-36.0221083875	23.1073214203	23.1452113306	23.0052708484	23.053050166	22.6326346393	23.3090009119	23.3221207794	
14/08/2015	13:08:04	10.4623135366	10.0012485585	10.041834492	10.0394502711	10.0403485386	10.0396112377	8.08988770535	8.40943243154	-36.0227358698	23.104532345	23.1426870862	23.0019401819	23.0493687775	22.6291107178	23.3081515442	23.3221016925	
14/08/2015	13:08:11	10.4623411363	10.0408009407	9.7736215242	10.039454428	10.0403539081	10.039614954	8.09070580666	8.40836259597	-36.0228647064	23.1018864215	23.1411672906	22.9989960254	23.0466107184	22.6260424963	23.3075646216	23.3221064642	
14/08/2015	13:08:18	10.4623133346	10.0407777895	9.85817089638	10.0394288031	10.040326642	10.0395886639	8.09074063633	8.40853238898	-36.0222300665	23.10022586	23.1403656403	22.9969680408	23.0443489191	22.6238809033	23.306784444	23.3212427814	
14/08/2015	13:08:24	10.4623812717	9.725363523	10.0418561172	10.0394491564	10.0403439551	10.039605699	8.09070093257	8.40843604394	-36.0237928076	23.098467478	23.1399170978	22.9958729291	23.0428243518	22.6222728308	23.3073880676	23.3209803363	
14/08/2015	13:08:31	10.4623562238	9.86063507179	10.0411819401	10.0394300192	10.0403230246	10.0395801539	8.09090863812	8.40819004328	-36.0232464447	23.0964848248	23.139509115	22.9947110132	23.0414047626	22.6201494116	23.3070111011	23.3211640479	
14/08/2015	13:08:38	10.4623356454	10.0407383587	9.79783005472	10.0394029727	10.0402995346	10.0395499809	8.08867885965	8.41054411472	-36.0231867981	23.0949125403	23.1392967731	22.993589657	23.0407939813	22.6185508826	23.3066651508	23.3209302332	
14/08/2015	13:08:45	10.462286074	9.98388146018	9.89755938241	10.0393688392	10.0402654275	10.03951488	8.08994011658	8.40954254533	-36.0223541315	23.093721994	23.1387480243	22.9927665338	23.0399708582	22.6175750641	23.3067200256	23.320739364	
14/08/2015	13:08:52	10.4623372317	9.81220527823	10.0208120038	10.039402073	10.040293208	10.0395460623	8.09039978256	8.40879647648	-36.0230269452	23.0921592529	23.1383114111	22.9926257678	23.0390523004	22.6171241357	23.3067247974	23.3209397766	
14/08/2015	13:08:58	10.4623210927	9.88185801595	9.99392715038	10.0393929781	10.0402857624	10.0395359653	8.09067368131	8.4083275377	-36.0225306854	23.091049826	23.1380704388	22.9918002588	23.0384653778	22.6161363879	23.3062476245	23.3204220441	
14/08/2015	13:09:05	10.4623130247	9.98168474772	9.87094315224	10.0393818073	10.0402793425	10.0395256759	8.09081209267	8.40833971021	-36.0224209357	23.0901933008	23.1378700262	22.990953277	23.038303139	22.6154039276	23.3061879779	23.3207512933	
14/08/2015	13:09:12	10.4623417209	9.95441044448	9.9134578549	10.039404108	10.0403006812	10.0395498211	8.09050390894	8.4085221871	-36.0226475928	23.0897757745	23.1381897321	22.9908339838	23.0380502374	22.6155494653	23.3060686847	23.3204769189	
14/08/2015	13:09:19	10.4623447682	9.24308001255	9.98738956255	10.0393766599	10.0402763913	10.0395201827	8.09057568685	8.40854451469	-36.0236878296	23.0890671729	23.1382660797	22.9903496533	23.0380168353	22.6147382715	23.3058300983	23.3205771252	
14/08/2015	13:09:26	10.4623537706	9.40585805094	9.51018958797	10.0393930225	10.0402964829	10.0395352912	8.09086473256	8.40811193252	-36.0232989337	23.088678277	23.1388601599	22.9899297412	23.0381385144	22.6141227185	23.30544836	23.3201643707	
14/08/2015	13:09:33	10.4623141034	9.43166237688	9.0509168237	9.64409907649	10.0402572625	10.0394938942	8.0907460818	8.40850687402	-36.0231820264	23.0884874078	23.1389365076	22.9891591071	23.0378259662	22.6134976221	23.3052097736	23.3206821033	
14/08/2015	13:09:39	10.4623605683	9.14816772545	9.10496393381	9.68668738343	10.0402855669	10.0395199303	8.09069334843	8.40832097446	-36.0239311877	23.0882774518	23.1397071417	22.9892426123	23.037952417	22.6132828943	23.3048972253	23.3204005713	
14/08/2015	13:09:46	10.4623485458	8.91808549762	9.05894170291	9.63956464291	10.0402714827	10.0395005835	8.09089811511	8.40840643921	-36.023926416	23.0871012207	23.1402081732	22.9901229962	23.0376565698	22.6122116412	23.3046013782	23.3203480823	
14/08/2015	13:09:53	10.4623550364	9.05476849183	8.94665666655	9.5286516193	10.0402759664	10.0395039807	8.09088989784	8.40825469736	-36.0238643835	23.0862423096	23.1403918848	22.9895503888	23.0371245221	22.6115054254	23.3042315692	23.3207369781	
14/08/2015	13:10:00	10.4623291177	9.01405368073	8.89067506579	9.49168691918	10.0402514326	10.0394734436	8.08292059888	8.41596689118	-36.0236162537	23.0853762408	23.1400053748	22.9892354547	23.0364326215	22.6099235974	23.3040407001	23.3202287891	
14/08/2015	13:10:07	10.4623533271	8.92361003104	9.02931017509	9.62061847907	10.0402595194	10.0394825165	8.0822798894	8.41648386225	-36.0240194647	23.0841117328	23.1395210443	22.9887606677	23.0355880255	22.6092006805	23.3040550153	23.3203456964	
14/08/2015	13:10:13	10.4623093848	8.88753052774	9.03901435531	9.62739363585	10.0402244473	10.0394473768	8.08259510122	8.41621207447	-36.0235709222	23.0824869592	23.1384140033	22.9875534204	23.0352492328	22.6088571161	23.3037567822	23.3202526477	
14/08/2015	13:10:20	10.4623188076	9.03175320004	8.96068183737	9.60689975024	10.0402203439	10.0394464526	8.06210206892	8.43529738527	-36.023733161	23.0814586517	23.1378270807	22.9868543622	23.0338964478	22.6079409442	23.3037734833	23.3202073163	
14/08/2015	13:10:27	10.4374385375	8.9334789626	9.0106017814	9.66331413059	10.0402557519	10.0394798051	8.06513548537	8.43250230814	-36.024224649	23.08106737	23.1377650482	22.9862173364	23.0337294373	22.6074542279	23.3037830267	23.3203194519	
14/08/2015	13:10:34	10.423794892	8.93883511198	9.06390944504	9.72439182258	10.0402033376	10.0394238738	8.06619455561	8.43155959153	-36.0238810846	23.0795141724	23.1380298792	22.9856041693	23.0338725891	22.6071035059	23.303637489	23.3205317938	
14/08/2015	13:10:41	10.4623372063	8.9965354441	8.97155646536	9.55654787562	10.0402597365	10.0394660837	8.08479150114	8.4140187773	-36.0233394934	23.0788938477	23.1381587158	22.9858642285	23.0354114716	22.6065714581	23.3036327173	23.3203647833	
14/08/2015	13:10:47	10.4623487324	9.02380565191	8.92188557259	9.48969896321	10.0402819467	10.0394632316	8.08937370556	8.41000514358	-36.0237307751	23.0784286041	23.1378342383	22.9854801044	23.0384009595	22.6059392041	23.3035253534	23.3202765063	
14/08/2015	13:10:54	10.4623261259	8.94091546523	9.02330985971	9.60750526223	10.0402925306	10.0394571929	8.08973399132	8.40947273148	-36.0231867981	23.0769422107	23.1385165955	22.9860694128	23.0411709479	22.6063281	23.3037472388	23.3208872876	
14/08/2015	13:11:01	10.4623447596	8.92406363481	9.03140213586	9.61597945421	10.0403110795	10.0394528221	8.08988183621	8.40938603253	-36.0240194647	23.0770209442	23.138595329	22.985821283	23.0442558704	22.6061109863	23.303620788	23.3206463153	
14/08/2015	13:11:08	10.4623516566	9.00451574655	8.96574677402	9.54737574727	10.0403493098	10.0394695677	8.09017473334	8.40882087949	-36.0236043243	23.0775458344	23.1392132678	22.9865203412	23.0471952551	22.6059487476	23.3035945435	23.3207131195	
14/08/2015	13:11:15	10.462305444	8.99340552968	8.97212533675	9.55998755232	10.0403323575	10.0394268202	8.08907347652	8.41025522798	-36.0234182269	23.0768157599	23.1392776862	22.9869140088	23.0507788232	22.6058342261	23.3033941309	23.3212475531	
14/08/2015	13:11:21	10.462358739	8.93730243716	9.02135796758	9.60526144858	10.0403808317	10.0394553218	8.09144241369	8.40762918557	-36.0243582574	23.076937439	23.1395759192	22.9879256152	23.0535297247	22.6056982318	23.3035587555	23.323306554	
14/08/2015	13:11:28	10.4623548099	8.99014854673	8.99613766568	9.60386506729	10.0404053496	10.0394606951	8.06386310028	8.43417122832	-36.0241506873	23.0777605621	23.1402558905	22.9888704175	23.0568484619	22.606275611	23.29908526	23.3394278387	
14/08/2015	13:11:35	10.4623274669	8.9425539235	9.01209671546	9.57273576224	10.040411554	10.0394557446	8.08007177615	8.41860594382	-36.0234969604	23.0778249805	23.1406567157	22.9889252924	23.0592629565	22.6071082776	23.2954969202	23.3286103302	
14/08/2015	13:11:42	10.4623536301	8.98525648239	8.99038642696	9.57054506324	10.0404468957	10.0394699732	8.08515322043	8.41357180997	-36.0239574323	23.0780063062	23.1412794263	22.9897508014	23.0622691455	22.6070724896	23.2920087866	23.323568999	
14/08/2015	13:11:49	10.4623270261	8.97939403586	8.99292687372	9.58133018568	10.0404560421	10.0394639195	8.08777551397	8.41103403147	-36.0233323358	23.0780731104	23.1423148914	22.9900418768	23.0651059381	22.6077429175	23.2906011267	23.3201858435	
14/08/2015	13:11:56	10.4623172965	8.95990986141	9.00519038383	9.57577548629	10.0404508864	10.0394488615	8.10153079529	8.39726705109	-36.0236377264	23.0782759088	23.1429590747	22.9906550439	23.0669239667	22.6081532861	23.2896777972	23.3194676984	
14/08/2015	13:12:02	10.4623471727	8.99684964295	9.00149055287	9.56653371812	10.0404847892	10.0394712565	8.10633126345	8.3932276278	-36.0240576385	23.0786743481	23.1429877051	22.9909795215	23.0690306848	22.6086089862	23.2889214783	23.3190191559	
14/08/2015	13:12:09	10.4626491005	9.02677450633	8.94608378325	9.54249111508	10.0404530684	10.0394318153	8.09506107468	5.74524105344	-36.0371369464	23.0774527856	23.1431666449	22.9904236151	23.0696581671	22.6081294275	23.2871344659	-7.76168940552	
14/08/2015	13:12:16	10.4626670584	8.97349393368	9.02795500257	9.56222994598	10.0404859101	10.0394612599	8.09352620162	5.7474677509	-36.0370582129	23.0783164685	23.1440828168	22.9914304498	23.0714738098	22.6094798267	23.286905423	-7.78472552139	
14/08/2015	13:12:23	10.4623349969	8.95746661322	8.97232520394	9.539153805	10.0404992601	10.0394711967	8.08562666688	10.0340119541	-36.0242866815	23.0799269269	23.1451397546	22.9929287726	23.073737995	22.6112954694	23.287924187	21.3675372742	
14/08/2015	13:12:30	10.462329922	8.98980371939	9.01065618845	9.58890547942	10.0405349587	10.039498223	8.0886705063	10.0352143926	-36.023241673	23.0806259851	23.1464758386	22.9940381995	23.0756872461	22.6120064569	23.2877452472	21.5518238153	
14/08/2015	13:12:36	10.4623408601	8.96513839819	8.98883436797	9.56366847221	10.0405283461	10.0394871193	9.73773427755	10.035212196	-36.0242556653	23.0816328198	23.1474516571	22.9948088336	23.0769493683	22.6126434827	21.8484941064	21.553885202	
14/08/2015	13:12:43	10.4623244442	8.98376029673	9.00196569645	9.56904119802	10.0405298162	10.0394836547	9.74077304372	10.0352003342	-36.0239884485	23.0816638361	23.1481650305	22.995188186	23.0785431256	22.6135524969	21.9036075708	21.5535440234	
14/08/2015	13:12:50	10.4623521258	9.0127083981	8.98686850403	9.58777255852	10.040575736	10.0395231266	9.71233474647	10.0352259932	-36.023733161	23.0829545886	23.1492219684	22.9964574658	23.0801631274	22.6142491693	21.9164053467	21.5521244342	
14/08/2015	13:12:57	10.4622986387	9.00662132397	9.02650096253	9.60527822596	10.0405335527	10.0394796974	9.70860298273	10.0351647913	-36.0235971667	23.0833053107	23.1501047382	22.9973211487	23.0813608313	22.6153108789	21.9214943951	21.5504996606	
14/08/2015	13:13:04	10.4623519707	8.94627187828	8.98852804178	9.55889446837	10.040582027	10.0395255889	9.74023604872	10.0351964288	-36.0241697742	23.0837705542	23.1509063885	22.9978460388	23.0827255457	22.6163129419	21.9237585803	21.549332973	
14/08/2015	13:13:10	10.462324225	8.99537131069	9.01023325507	9.59134518035	10.0405811082	10.0395200639	9.71321192968	10.0351733906	-36.0234635583	23.0849968884	23.1522066846	22.998246864	23.0839757385	22.6169189514	21.9244814972	21.5472548853	
14/08/2015	13:13:17	10.4623360443	8.97520129676	8.99791279635	9.58189818908	10.0405980768	10.0395363417	9.7114479787	10.0351706152	-36.023644884	23.086041897	23.1530345795	22.9993920789	23.0853762408	22.6182478778	21.9249801428	21.5456969159	
14/08/2015	13:13:24	10.4623137929	8.98650099413	9.005064678	9.58630821536	10.0405681002	10.0395066439	9.70514931466	10.035124835	-36.0240552527	23.0869222809	23.1534043884	23.0004180005	23.0858390985	22.6187751538	21.9250898926	21.5437643658	
14/08/2015	13:13:31	10.4623185084	8.9785881704	9.00061532694	9.58203607913	10.0406002513	10.0395343538	9.69536896868	10.0351365521	-36.0233895966	23.0885565979	23.1549146405	23.0010263959	23.0872777747	22.6195863477	21.9252783759	21.5421300488	
14/08/2015	13:13:38	10.4623145306	8.98427922808	9.00360024083	9.5848150342	10.0405989356	10.0395366551	9.72059902173	10.0351149002	-36.0236043243	23.0891148901	23.1556375574	23.0018423615	23.0884707068	22.6213423438	21.924977757	21.5402666888	
14/08/2015	13:13:45	10.4623194966	8.98106366927	9.00301225414	9.58460921776	10.0406066583	10.0395437106	9.72423782163	10.0351080784	-36.0237045306	23.0903507678	23.1568949078	23.0023911102	23.0892341833	22.6220247009	21.9245339862	21.5388303986	
14/08/2015	13:13:51	10.4623500655	8.98260959961	9.00313587935	9.58494953531	10.0406453274	10.039583591	9.72320765729	10.0351311443	-36.0236902155	23.0914506512	23.1583311981	23.0032667224	23.0902958929	22.6232772797	21.9249252679	21.5375324884	
14/08/2015	13:13:58	10.4623686981	8.98343841937	9.00318127071	9.58428380021	10.0406604009	10.0396010007	9.72319491454	10.0351337211	-36.0240433234	23.0929799902	23.1589825391	23.0038345581	23.0910784564	22.6244177228	21.9248155182	21.5364302191	
14/08/2015	13:14:05	10.4622992251	8.98330371156	9.00398018665	9.58514685894	10.0406186163	10.0395557928	9.72381131379	10.0350784961	-36.0231772546	23.0936671191	23.1603448676	23.0045026001	23.0919182806	22.6247923035	21.9248608496	21.5352826184	
14/08/2015	13:14:12	10.4623244411	8.98035192008	9.00476644676	9.58602487715	10.0406380411	10.0395749216	9.72442898244	10.0350772387	-36.0237116882	23.0949507141	23.161831261	23.0052541473	23.0930491803	22.6259017303	21.9245172852	21.5332832642	
14/08/2015	13:14:19	10.4623087475	8.9835494588	9.00282395695	9.58372887066	10.0406353807	10.0395720897	9.72284980718	10.0350615827	-36.0234540149	23.0957380493	23.1626615417	23.0057241626	23.0939796674	22.6268322174	21.9243001715	21.5322764294	
14/08/2015	13:14:25	10.4623136754	8.98352113531	9.0030422497	9.58365664858	10.0406489834	10.0395844122	9.72336473778	10.0350589991	-36.0234420856	23.0970550464	23.1639976257	23.0068884644	23.0951725995	22.6278629108	21.9245530731	21.5310477094	
14/08/2015	13:14:32	10.4623365006	8.98254263562	9.00495959404	9.58619106138	10.0406851885	10.0396176291	9.7245754328	10.0350797355	-36.0233490369	23.0983243262	23.1649185693	23.0085251672	23.0967090961	22.6289866528	21.9247153119	21.5302890045	
14/08/2015	13:14:39	10.4622987569	8.98333134756	9.00391801447	9.58593473934	10.0406491979	10.0395779768	9.72508262945	10.0350268458	-36.0235279767	23.098978053	23.1657560077	23.0087685254	23.0976896863	22.6294685974	21.9248870941	21.5287525079	
14/08/2015	13:14:46	10.4623105547	8.98439542363	9.00424793245	9.58525485763	10.0406632758	10.0395968508	9.72498911525	10.0350281071	-36.0236162537	23.0996079211	23.1668368042	23.0099113544	23.0983290979	22.6308237683	21.9249896863	21.5274450543	
14/08/2015	13:14:53	10.4623257674	8.98355708278	9.00447068047	9.58543524957	10.0406788482	10.0396139937	9.72640003781	10.0350364697	-36.0237999652	23.1000564636	23.167736275	23.0106462006	23.0990448572	22.6317828857	21.9249753711	21.5270919464	
14/08/2015	13:15:00	10.462301566	8.98296733588	9.00389099855	9.58572377325	10.0406624026	10.0395955497	9.72558612861	10.0349993481	-36.0237474762	23.1008270978	23.1687932129	23.0108967163	23.0999992029	22.6324747864	21.9248632355	21.5249255817	
14/08/2015	13:15:06	10.4623391944	8.98407852187	9.00578682228	9.58739070189	10.0407057756	10.0396393897	9.72704019601	10.0350279647	-36.0239144867	23.1016549927	23.1699599005	23.0123878815	23.1013901617	22.6339540222	21.9249753711	21.5241143878	
14/08/2015	13:25:24	10.0429693281	8.99729488124	9.01486144724	9.59611657882	10.0410584242	10.0401282167	9.74138662313	10.0350323502	23.4417408557	23.1840842169	23.2519477399	23.0813799182	23.1571692822	22.7109768781	21.9844358801	21.5305108899	
14/08/2015	13:25:31	10.0430063922	8.99728440176	9.01550990898	9.59639824749	10.0410933995	10.0401690477	9.7419952664	10.0350738568	23.4425568213	23.18483815	23.2528567542	23.0826873718	23.1576989441	22.7123630652	21.9857481055	21.5320807886	
14/08/2015	13:25:38	10.0430064977	8.9970415858	9.01585504684	9.59657520555	10.0410921937	10.0401654119	9.74234910781	10.0350727975	23.4433871021	23.1858425989	23.2536345459	23.0827279315	23.1583526709	22.7126779993	21.9868384454	21.5328180206	
14/08/2015	13:25:45	10.0429735531	8.9974725949	9.01522321837	9.59618849445	10.0410577154	10.0401327115	9.74175059986	10.035041928	23.4440360571	23.1867707001	23.2541308057	23.0831550012	23.1587892841	22.7133985303	21.9874110529	21.5338797302	
14/08/2015	13:25:52	10.0430085229	8.99768256031	9.01628669126	9.59703595188	10.0410929457	10.0401686314	9.74227219635	10.0350816873	23.4446921698	23.187176297	23.2549563147	23.0837657825	23.159493114	22.7142073383	21.9894390375	21.5353279498	
14/08/2015	13:25:58	10.0430026578	8.99736987888	9.01574704522	9.59645984444	10.0410863263	10.040164455	9.74235430689	10.0350795014	23.4452910217	23.1874387421	23.2554358734	23.084899068	23.1599917596	22.7150781787	21.9906534424	21.5365662134	
14/08/2015	13:26:05	10.0429889721	9.00363859774	9.01225017231	9.59896061655	10.0410713322	10.0401526959	9.73884175507	10.0350683556	23.4456011841	23.1885481689	23.2566455066	23.0853118225	23.1601182104	22.7156865741	21.9918583038	21.5373129889	
14/08/2015	13:26:12	10.0430096578	8.98392761831	9.02491514041	9.60096529001	10.0410883913	10.0401678737	9.7479107237	10.0350864679	23.4466867523	23.1891708795	23.2570964349	23.0856386859	23.1607003613	22.7160015082	21.9927816333	21.5381003241	
14/08/2015	13:26:19	10.0430019952	8.99533620737	9.01904904793	9.59743728119	10.0410814006	10.0401607966	9.74655424685	10.0350807005	23.4473714954	23.1900202472	23.2578742267	23.0872348291	23.1614900824	22.7168007727	21.9937455225	21.539157262	
14/08/2015	13:26:26	10.0430290915	8.98893710385	8.99546094769	9.58785831594	10.0411082214	10.040185816	9.73607322374	10.0351104982	23.4486145306	23.1903852844	23.2594035657	23.0881915607	23.1627116449	22.7177789771	21.9952677039	21.5409347308	
14/08/2015	13:26:33	10.0430279975	9.00804457598	9.02965921988	9.61881739958	10.0411063614	10.0401856255	9.74474483027	10.0351111905	23.4491394208	23.1915734448	23.2595610327	23.0890242273	23.1631339429	22.7184565625	21.9963508862	21.541793642	
14/08/2015	13:26:40	10.0430303254	8.98201283359	9.00928290247	9.59629356523	10.0411050445	10.0401846797	9.74633971465	10.0351162337	23.449943457	23.1921961554	23.260171814	23.0893487048	23.1634274042	22.7188120563	21.9979875891	21.5431034814	
14/08/2015	13:26:47	10.0430188221	8.9907011493	9.03037304671	9.60886299573	10.0410907726	10.0401722666	9.75870113957	10.0351065791	23.4506973901	23.1928379529	23.2612025073	23.0907587506	23.1637948273	22.7194657831	21.9994620532	21.5442319952	
14/08/2015	13:26:54	10.043026021	9.01443014983	9.01149497155	9.60083434041	10.0410984122	10.0401814753	9.74001657261	10.0351121343	23.4513057855	23.1940070264	23.2619946143	23.0911595758	23.1644747986	22.7203891125	22.0007432623	21.5446447498	
14/08/2015	13:27:00	10.0430551987	8.97599459178	9.02201834597	9.60225005025	10.0411258639	10.0402132258	9.75807673948	10.0351475882	23.4518235181	23.1953621973	23.2624789447	23.0917488843	23.1647539447	22.7212933551	22.0024515411	21.5461740887	
14/08/2015	13:27:07	10.0430702677	8.99644176392	8.95220186076	9.54733994012	10.0411393841	10.0402301859	9.74080951843	10.0351716383	23.4524557721	23.1960278534	23.263387959	23.0926578986	23.1651738568	22.7222214563	22.0038186414	21.5482593341	
14/08/2015	13:27:14	10.0430751237	9.03015057802	9.06033384385	9.63898097133	10.041137181	10.0402304736	9.73582586352	10.0351777512	23.4535484979	23.1970466174	23.2639486371	23.0934714783	23.1652716772	22.7226866998	22.0051809698	21.5496598364	
14/08/2015	13:27:21	10.0430840286	8.97191880982	9.02007941008	9.6009014357	10.0411471124	10.0402394261	9.76857230026	10.0351899236	23.4541258771	23.1977265887	23.2650389771	23.0938770752	23.1660041376	22.7232903235	22.0067794989	21.5508002795	
14/08/2015	13:27:28	10.0430609739	9.0203588252	9.02898082597	9.60960909697	10.0411216553	10.0402160261	9.74143696035	10.035167536	23.4547438159	23.1983039679	23.2653491394	23.094354248	23.1662856696	22.7238891754	22.0086022992	21.5516019299	
14/08/2015	13:27:35	10.0430769436	8.99832034687	9.00361363433	9.58520281976	10.0411335064	10.0402261106	9.74590042748	10.0351839142	23.4559105035	23.1993275037	23.2665062836	23.0949554858	23.1668797498	22.7242351257	22.0100576764	21.5529451715	
14/08/2015	13:27:42	10.0430777709	9.00706909733	9.03166783813	9.61249947279	10.0411320332	10.0402276914	9.74694703146	10.035190009	23.4567741864	23.1999144263	23.2671552386	23.0954923053	23.1674261127	22.7252419604	22.0110764404	21.5547178687	
14/08/2015	13:27:48	10.0430987207	8.9920226967	9.0185188469	9.59951842495	10.0411489527	10.0402454271	9.75074013986	10.0352134771	23.4576927441	23.2007113049	23.2676729712	23.0960124237	23.1677816064	22.7257191333	22.0125222742	21.5561112134	
14/08/2015	13:27:55	10.0431140693	9.01198007205	9.0197505025	9.60081275372	10.04116579	10.0402612714	9.74313326837	10.0352331943	23.4582963678	23.2015057977	23.2681644592	23.0969095087	23.1686071155	22.7264134198	22.01400151	21.5574472974	
14/08/2015	13:28:02	10.0430882602	9.00048199674	9.01630768681	9.59711772629	10.0411397711	10.0402392578	9.74701115572	10.0352120387	23.458661405	23.2018851501	23.2686440179	23.0972268286	23.1689459082	22.7273558362	22.0159388318	21.5585901263	
14/08/2015	13:28:09	10.0431127396	9.00259573003	9.02482902153	9.60552744124	10.0411612071	10.0402606733	9.74811558035	10.0352404043	23.4595346313	23.2033095111	23.2693406903	23.0984269183	23.1693968365	22.7278067645	22.0181290552	21.560143324	
14/08/2015	13:28:16	10.0431272753	9.0008943645	9.0195776396	9.59990141776	10.0411757711	10.0402764546	9.74812605734	10.0352620118	23.4598877393	23.2039155206	23.2698464935	23.0985104236	23.1697594879	22.7283507416	22.0194126501	21.5616225598	
14/08/2015	13:28:23	10.0431362075	9.00631870037	9.01960077669	9.60007903544	10.0411878581	10.0402857909	9.74530023642	10.0352751961	23.4605366943	23.2045358453	23.2704763617	23.0997940186	23.1708689148	22.729080816	22.0205530933	21.5629944318	
14/08/2015	13:28:30	10.0430995363	9.00211588048	9.02010783755	9.60066295663	10.0411460681	10.0402473567	9.74722563039	10.0352412108	23.4613383447	23.2051657135	23.2718935651	23.0999658008	23.1709476483	22.7296677386	22.0217197809	21.5643209723	
14/08/2015	13:28:36	10.0431094837	9.0027653703	9.02205303954	9.60263570295	10.0411571694	10.0402569684	9.74763701014	10.0352609144	23.4621304517	23.2057001471	23.2726832861	23.1003093652	23.1714343646	22.7299444989	22.0229986041	21.5661795605	
14/08/2015	13:28:43	10.0431215535	9.00317867426	9.02019253349	9.60074894462	10.0411618993	10.0402673126	9.74747301585	10.0352703713	23.4631539874	23.2066115472	23.2735946863	23.101156347	23.1719043799	22.7312447949	22.0245756604	21.5674225958	
14/08/2015	13:28:50	10.0431120263	9.00494557865	9.02017005477	9.6005630588	10.0411503932	10.0402562309	9.74669016847	10.0352649921	23.4636430896	23.2068668347	23.2742985162	23.1019532257	23.1721167218	22.7315287128	22.0256970166	21.5686131421	
14/08/2015	13:28:57	10.0431269624	9.00330681531	9.0209839718	9.60204979187	10.0411657663	10.0402746798	9.74771107272	10.0352854308	23.4642562567	23.2076112244	23.2752504761	23.1022276001	23.1728014648	22.7326739276	22.0275460614	21.5701353235	
14/08/2015	13:29:03	10.0431245643	9.00330891805	9.02125751211	9.60197093111	10.0411594334	10.0402730768	9.74752114765	10.0352897567	23.464936228	23.2080979407	23.2757658228	23.1025186755	23.1729279156	22.7334970508	22.0289107758	21.5719318793	
14/08/2015	13:29:10	10.0431436726	9.0042589588	9.02017776141	9.60076212059	10.0411809081	10.0402915486	9.74750223565	10.0353115728	23.4655947266	23.2091548785	23.2770589612	23.1036281024	23.1739347504	22.7340815875	22.0299677136	21.5730675507	
14/08/2015	13:29:17	10.0431521999	9.00425490899	9.02060258075	9.60082139417	10.0411903772	10.040302111	9.74746794624	10.0353269724	23.4661864209	23.2097775891	23.2773738953	23.10395258	23.1746695966	22.7349906018	22.0322509857	21.5744823682	
14/08/2015	13:29:24	10.0431750591	9.0038814987	9.021686566	9.60219608131	10.0412076315	10.0403254368	9.74802299968	10.0353523853	23.4669665985	23.2111184448	23.2781015839	23.1050381482	23.1746600531	22.7358614423	22.0340236829	21.5760260223	
14/08/2015	13:29:31	10.0431869218	9.00430443937	9.02151124952	9.60209083871	10.0412198092	10.0403327325	9.74781939702	10.0353645484	23.4681643024	23.2121109644	23.2790535437	23.1049164691	23.1759197894	22.7364340497	22.0352834192	21.5773883508	
14/08/2015	13:29:37	10.0431848574	9.0044986446	9.02128783197	9.60193276751	10.0412148029	10.0403285403	9.74764238261	10.0353660296	23.4690947894	23.2129006854	23.2796070642	23.1063289008	23.1764422937	22.7370901624	22.0364930524	21.578967793	
14/08/2015	13:29:44	10.0431893433	9.0043626239	9.02076853804	9.6014518249	10.0412191469	10.0403328502	9.7475221302	10.0353701688	23.4698630377	23.2136689337	23.2808262408	23.1064338788	23.1772009985	22.7378607965	22.0383564124	21.5797598999	
14/08/2015	13:29:51	10.0432012072	9.00457254419	9.02148759529	9.60222305654	10.0412235828	10.040339493	9.74772777813	10.0353836564	23.4710607416	23.2142630139	23.2812962561	23.1066175903	23.1773536938	22.7383379694	22.039997887	21.5813274127	
14/08/2015	13:29:58	10.0431820647	9.00473189799	9.02200126092	9.60220459896	10.0412038254	10.0403196865	9.74778357499	10.0353646426	23.4716190338	23.2151362402	23.2823770526	23.1070542035	23.1778308667	22.7388270715	22.0410834552	21.5819763678	
14/08/2015	13:30:05	10.0431831071	9.00475425636	9.02137899386	9.60189036153	10.0412055221	10.0403198602	9.74767581146	10.0353733767	23.4724445428	23.2159545917	23.2831118988	23.1077795062	23.1787613538	22.739557146	22.0425125879	21.5840807001	
14/08/2015	13:30:12	10.0432044795	9.00470508371	9.02093041668	9.60166217996	10.0412216169	10.0403346974	9.74764384237	10.0353966707	23.4736255457	23.2166226337	23.2835866858	23.1088245148	23.1792051245	22.7398219769	22.0439894379	21.5856696857	
14/08/2015	13:30:18	10.0432467343	9.00506308716	9.02131952513	9.60194517559	10.0412605037	10.0403753077	9.74812170526	10.0354419927	23.474832793	23.2175531207	23.2849442426	23.1095712903	23.1799495142	22.7408216541	22.0462965686	21.5874519263	
14/08/2015	13:30:25	10.0432022974	9.00491833409	9.02139850792	9.6021085328	10.041216364	10.0403324375	9.74772657339	10.0354047591	23.4750141187	23.2178394244	23.2851398834	23.1099888165	23.1801737854	22.7412534955	22.0478139783	21.5887975537	
14/08/2015	13:30:32	10.043248986	9.00521777794	9.02159421875	9.60212212732	10.0412619178	10.040376573	9.74793652737	10.0354559252	23.4762356812	23.218373858	23.2862063647	23.1105566522	23.181252196	22.7421338794	22.0493075293	21.5908112231	
14/08/2015	13:30:39	10.0432572622	9.00523407063	9.02240511892	9.60283772383	10.0412703003	10.040387901	9.74823398361	10.0354732296	23.4763168005	23.219077688	23.2868076025	23.1110648413	23.1813500165	22.7426611554	22.051018194	21.5922952307	
14/08/2015	13:30:46	10.0432043594	9.00444114345	9.02102432012	9.60169385333	10.0412135067	10.0403349384	9.74846089075	10.0354217432	23.477204342	23.2192423126	23.2872060419	23.1116088184	23.1816911951	22.7435916425	22.0526024078	21.5935287225	
14/08/2015	13:30:53	10.0432416631	9.00616619433	9.02131225419	9.60208781251	10.0412534593	10.0403761467	9.74786670813	10.0354649213	23.4776457269	23.2201226965	23.2879337305	23.1129472882	23.18251909	22.7446080206	22.0540434698	21.5949029803	
14/08/2015	13:31:00	10.0432344455	9.00561471515	9.02181549446	9.60226951724	10.0412374417	10.0403612749	9.74842623018	10.0354562856	23.4782565082	23.2202419897	23.288628017	23.1133862872	23.1835306964	22.7458176538	22.0561955194	21.5971600079	
14/08/2015	13:31:07	10.0432603282	9.0054604312	9.02290766311	9.60352122546	10.0412657435	10.0403895618	9.74867784087	10.035491773	23.4798693524	23.2209529773	23.2892364124	23.1138706177	23.1838623315	22.7461445172	22.0580230914	21.5986153851	
14/08/2015	13:31:13	10.0432531618	9.00530966095	9.02167929299	9.60221515722	10.0412594542	10.0403830166	9.74867001923	10.0354908282	23.4804872913	23.2216234052	23.2898543512	23.1145004858	23.1846138788	22.7468793634	22.0597313702	21.6002664032	
14/08/2015	13:31:20	10.0432715528	9.00650042126	9.02171208969	9.6024630005	10.0412752415	10.0403982372	9.74791436114	10.0355151984	23.4814511804	23.2229571033	23.2908301697	23.1150158325	23.1852198883	22.7474114111	22.0616114313	21.6015714709	
14/08/2015	13:31:27	10.0432803397	9.00505461273	9.02181242597	9.60209830457	10.0412843187	10.0404061397	9.74846828092	10.0355252876	23.482214657	23.2237301233	23.2917367981	23.1155120923	23.1860358539	22.7480722955	22.0632839221	21.6032845215	
14/08/2015	13:31:34	10.04325725	9.00561142621	9.02220118565	9.60265538722	10.0412596678	10.0403839783	9.74831141586	10.0355086686	23.4828946283	23.2242478558	23.2924573291	23.1164902966	23.1865010974	22.7489216632	22.0646295496	21.6050524469	
14/08/2015	13:31:41	10.0432657347	9.00586172072	9.0221040376	9.60249199579	10.041267328	10.0403935577	9.74883054894	10.0355258185	23.4832763666	23.2258463849	23.2933615717	23.1170151868	23.1867707001	22.7494751837	22.0663473718	21.6068108289	
14/08/2015	13:31:47	10.0432990056	9.00570947063	9.02249394116	9.60288820427	10.0412993196	10.0404252765	9.74892817657	10.0355689047	23.4843022882	23.2263784326	23.2941083472	23.1179265869	23.1876296112	22.7503030786	22.0684397748	21.6094424371	
14/08/2015	13:31:54	10.043294616	9.0052670482	9.02198993133	9.60351873989	10.0412775529	10.040405561	9.74886226193	10.0355513744	23.4843619348	23.2271943982	23.2951390405	23.1185254388	23.1880256647	22.751016452	22.0695110278	21.6105447064	
14/08/2015	13:32:01	10.0432552161	9.00541239544	9.02167852069	9.60282214522	10.0412609178	10.0403899909	9.74902738161	10.035541152	23.485185058	23.227285061	23.2955661102	23.1190789594	23.1885362396	22.7517011951	22.071775213	21.6121050616	
14/08/2015	13:32:08	10.0432923328	9.00594700384	9.02185093351	9.60228846613	10.0412908533	10.0404223562	9.74864754861	10.0355766218	23.4859389911	23.2282513361	23.2965037549	23.1197159851	23.1890324994	22.7525529486	22.0732783075	21.6134817053	
14/08/2015	13:32:15	10.0433001824	9.00554811422	9.02241740651	9.60331639992	10.0412974134	10.0404276528	9.7492491223	10.0355930806	23.4866380493	23.2291961383	23.2973865247	23.1203124512	23.1895573895	22.7529036707	22.07488638	21.6155812659	
14/08/2015	13:32:22	10.0433078709	9.00600085694	9.02204408959	9.60291246041	10.0413015709	10.0404362821	9.74918972549	10.0356057629	23.4877212317	23.2297687457	23.2979376593	23.1209470911	23.1901514697	22.754163407	22.076644762	21.6175448322	
14/08/2015	13:32:29	10.0433327849	9.00627489693	9.02191932012	9.60245214139	10.0413240681	10.0404589434	9.7489511128	10.0356362759	23.4887900989	23.2302125165	23.2982502075	23.121598432	23.1908910876	22.754936427	22.0788493005	21.6195752026	
14/08/2015	13:32:35	10.0433404334	9.00629932741	9.02243314617	9.60257549511	10.041332821	10.0404634135	9.74918240327	10.0356481847	23.4899353137	23.2309879224	23.29869875	23.1217081818	23.1922104706	22.7556593439	22.0806553998	21.6214934375	
14/08/2015	13:32:42	10.0433129729	9.0062173941	9.02265538664	9.60307241508	10.041302959	10.0404353189	9.74907950536	10.0356292108	23.4906773175	23.2316010895	23.2994216669	23.122371452	23.1926184534	22.7563464728	22.0828814111	21.6236431012	
14/08/2015	13:32:49	10.0433496493	9.00602975359	9.02258232422	9.60289928887	10.0413347633	10.0404706942	9.74899626741	10.0356716404	23.4917080109	23.2318802356	23.30056211	23.1233472705	23.1929691754	22.7572149274	22.0841650061	21.6256472272	
14/08/2015	13:32:56	10.0433428132	9.00592120512	9.02222518678	9.60265289851	10.0413315786	10.0404630723	9.74935053423	10.0356688551	23.4926432697	23.232891842	23.301440108	23.1245926917	23.1944388678	22.7580738385	22.0859567902	21.6273101746	
14/08/2015	13:33:03	10.0433416323	9.00675118058	9.02225328003	9.60298642433	10.0413284842	10.040462834	9.7492525376	10.0356767178	23.4930870404	23.2342231543	23.3020962207	23.1250364624	23.1946154218	22.7586726904	22.0878368512	21.6291997791	
14/08/2015	13:33:10	10.0433687245	9.00601984148	9.022108045	9.60195905636	10.0413534017	10.0404857097	9.74910680992	10.0357080876	23.4940557013	23.2352013586	23.3028000507	23.1260743134	23.1952882355	22.7590544287	22.0895522876	21.6309128296	
14/08/2015	13:33:17	10.0433487333	9.00690450709	9.02251160715	9.60314366611	10.0413349038	10.0404685883	9.74852664634	10.0356970023	23.4942227118	23.2357071619	23.3037233801	23.1262126935	23.1956699738	22.7596532806	22.0912176208	21.6324875	
14/08/2015	13:33:24	10.0433524118	9.00676561558	9.02325772302	9.60385934422	10.0413361956	10.0404711135	9.74934119001	10.0357041537	23.4952152313	23.2368332898	23.3040526294	23.1266636218	23.1963356299	22.7605145776	22.0928972693	21.6341170453	
