data	hora	H7DC_51_D	H7DC_49_D	H7DC_35_D	H7DC_34_D	H7DC_48_D	H7DC_50_D	H7DC_41_D	H7DC_54_D	H7DC_51_T	H7DC_49_T	H7DC_35_T	H7DC_34_T	H7DC_48_T	H7DC_50_T	H7DC_41_T	H7DC_54_T
2017/08/18	14:55:39	7.38693528731	7.55255094891	7.59801225412	7.47339606366	7.50639563405	7.5436037531	7.71094383558	7.97747318086	21.2015383826	21.030987262	21.0987815948	21.2033086938	21.272434339	21.1323006018	21.1418273578	21.1637128906	
2017/08/18	14:55:42	7.38729659549	7.55286775512	7.59837779044	7.47441241646	7.50690411252	7.54351734926	7.71094907314	7.97799007512	21.2143719464	21.0423845355	21.1084729755	21.2183730408	21.2767861554	21.1439865649	21.1500037146	21.1763412701	
2017/08/18	14:55:44	7.3872779122	7.55276234582	7.59807457982	7.47451444654	7.50653910599	7.54315101318	7.71031559129	7.97779377797	21.2216416748	21.0466051294	21.113244704	21.2273796783	21.2778741095	21.1506717566	21.1537519073	21.1837112048	
2017/08/18	14:55:46	7.38682825131	7.55266497525	7.5970843466	7.47406549272	7.50586127902	7.54232035726	7.70920723171	7.97719257746	21.2252562592	21.0490506403	21.1154874164	21.2316718481	21.278391842	21.1558013647	21.1557393323	21.1876431091	
2017/08/18	14:55:48	7.38608412357	7.5520504044	7.59585261415	7.47345718492	7.50484572037	7.54155192903	7.70809646846	7.97671580288	21.2275132867	21.0508782123	21.1183289807	21.2359043713	21.2782940216	21.1594803674	21.1571994812	21.1915678558	
2017/08/18	14:55:50	7.38531920503	7.55126479892	7.59460007208	7.47274763703	7.50396219391	7.54030208907	7.70683467834	7.97575025946	21.2284724042	21.0516226019	21.1199919281	21.2384381592	21.2783417389	21.1622193396	21.1577386865	21.1934073572	
2017/08/18	14:55:52	7.38427054639	7.55046047141	7.59340452287	7.4719912192	7.50296281662	7.53944765596	7.70560784776	7.97521625767	21.2285320508	21.0522572418	21.1209224152	21.2398076453	21.2778812671	21.1640111237	21.1582707343	21.194991571	
2017/08/18	14:55:59	7.38147476284	7.54775899475	7.5890477014	7.46901241085	7.49932838273	7.53567359068	7.70060248474	7.97214846369	21.2282028015	21.0529181262	21.1217288373	21.2418427875	21.2772442413	21.1686420862	21.1578794525	21.1970290991	
2017/08/18	14:56:00	7.38045038147	7.54680390399	7.58777511293	7.46815609544	7.49832313047	7.53443306154	7.69901071293	7.97140579138	21.2279761444	21.0531209247	21.1213900446	21.2422603137	21.2765499548	21.1692862695	21.1577553876	21.1969026483	
2017/08/18	14:56:02	7.37958306159	7.54595269141	7.58662957919	7.46736735423	7.49728655824	7.53358943956	7.6978389093	7.9708197873	21.227298559	21.0530875226	21.1207744916	21.2427899756	21.2758413531	21.169928067	21.1571279053	21.1969193494	
2017/08/18	14:56:04	7.37870830739	7.54502176001	7.58520991031	7.46659760468	7.49610959335	7.53242013496	7.69648133111	7.96929786485	21.2269836249	21.0526699963	21.1201708679	21.2424320959	21.275421441	21.1700926917	21.1567294659	21.196644975	
2017/08/18	14:56:07	7.3774088548	7.54433845591	7.584143542	7.46576609339	7.49512027451	7.53135753179	7.69506530778	7.96857882338	21.2270456573	21.0521474921	21.1195767877	21.2426682965	21.2746030896	21.1699495398	21.1565362109	21.1965829425	
2017/08/18	14:56:09	7.37648539409	7.54317970536	7.58286255769	7.46464916553	7.49394714174	7.53014187212	7.69375447781	7.96742687212	21.2259481598	21.0522787146	21.1188061536	21.2424631122	21.2738133685	21.1703575226	21.1560208643	21.195976933	
2017/08/18	14:56:11	7.37556064923	7.54220487072	7.58165265919	7.46368903375	7.49284138085	7.52910180324	7.69251401242	7.96453994014	21.2253159058	21.0520138837	21.1178780524	21.2421171619	21.2733958423	21.1702239142	21.1555222186	21.1950082721	
2017/08/18	14:56:13	7.37479348398	7.54203328863	7.58060503328	7.46316536136	7.49215670682	7.52851219432	7.69174719516	7.96400145845	21.2247528418	21.0517896124	21.1168759894	21.2418213147	21.2730594354	21.1701356372	21.1552478442	21.1947028815	
2017/08/18	14:56:15	7.3743094129	7.54122920892	7.57929414971	7.4620675594	7.49120225065	7.52753266696	7.69078521123	7.96373616879	21.2238987024	21.0513148254	21.1160934259	21.2416423749	21.2722553992	21.1696894806	21.1547611279	21.1940324536	
2017/08/18	14:56:17	7.37353945515	7.54023215253	7.57766269601	7.46145015134	7.49007248532	7.52678933491	7.68967598296	7.96251032223	21.2238223547	21.0508782123	21.1157999646	21.2415636414	21.2719929541	21.1697443555	21.1542219226	21.1934837048	
2017/08/18	14:56:19	7.37252450275	7.5392808054	7.57547092177	7.46072772749	7.48937573275	7.52595071241	7.68857773995	7.96205782642	21.2228393787	21.0505203326	21.1151176074	21.241165202	21.2709002283	21.1697014099	21.1540453687	21.1929468854	
2017/08/18	14:56:21	7.37183930342	7.53864707392	7.57352591168	7.46016502675	7.48844607154	7.52522200502	7.68767111285	7.9613220037	21.2221546356	21.0500193011	21.1145736304	21.2409814905	21.2702966046	21.16868026	21.1532818921	21.1925007288	
2017/08/18	14:56:23	7.37082296975	7.5380945703	7.57257541033	7.45816253966	7.48781998742	7.52457116626	7.68670192191	7.95967486488	21.2221713367	21.0501242792	21.1139723926	21.2406331543	21.2701224365	21.1690810852	21.1527092847	21.1920736591	
2017/08/18	14:56:25	7.36994484515	7.53743579228	7.57177389835	7.45763106296	7.48713184833	7.5237778256	7.6857160202	7.95899353238	21.221233692	21.0498355896	21.1134999915	21.2404088831	21.269867149	21.16829375	21.1523919647	21.1914270898	
2017/08/18	14:56:27	7.36994484515	7.53743579228	7.57177389835	7.45763106296	7.48713184833	7.5237778256	7.6857160202	7.95899353238	21.221233692	21.0498355896	21.1134999915	21.2404088831	21.269867149	21.16829375	21.1523919647	21.1914270898	
2017/08/18	14:56:50	7.36167201762	7.5305853745	7.56001678134	7.44997029878	7.47798705535	7.51685047864	7.67554409186	7.95382370052	21.2136442578	21.044853905	21.1051613959	21.2399913568	21.2622252258	21.1636389288	21.147553432	21.1830598639	
2017/08/18	14:56:52	7.36115127871	7.52996311763	7.55936754127	7.44916044736	7.4772771437	7.51643523465	7.67479622855	7.95356966387	21.2133412531	21.0448586768	21.1045028973	21.2397312976	21.2616263739	21.1632452612	21.1471096613	21.182582691	
2017/08/18	14:56:54	7.36062292748	7.52994839513	7.55870454893	7.44869207031	7.47636818954	7.51602562919	7.67417893663	7.95316543266	21.2135464374	21.044398205	21.1036320569	21.2401392804	21.2616263739	21.1630186041	21.1467708685	21.1823584198	
2017/08/18	14:56:56	7.36025043816	7.52934851214	7.55800578442	7.44835291744	7.47151431288	7.5155741037	7.67359976271	7.9525668619	21.2131599274	21.0443194714	21.1029282269	21.2398768353	21.2610155927	21.1627155994	21.1459859192	21.1814923511	
2017/08/18	14:56:58	7.35931233852	7.52874101797	7.55730146332	7.44795033145	7.47116997254	7.51517834567	7.67295934298	7.95229184323	21.212551532	21.043782652	21.1022076959	21.239759928	21.2604382135	21.162300459	21.1458284521	21.1812012756	
2017/08/18	14:57:00	7.3587500644	7.52874585042	7.55513660427	7.44762468784	7.47065620175	7.51457419215	7.67238269149	7.95191155882	21.2125730048	21.043658587	21.1017352948	21.239635863	21.2602950616	21.1618519165	21.1452749316	21.1802493158	
2017/08/18	14:57:02	7.35807586042	7.52820696817	7.5545847281	7.44732736327	7.47007023615	7.51426933714	7.6717278723	7.95055885266	21.2119073486	21.0429857733	21.1014418335	21.2394616949	21.2595268134	21.1615846997	21.1449480682	21.1802493158	
2017/08/18	14:57:04	7.35779115323	7.52767510942	7.55356614418	7.4469710441	7.46966296257	7.51386575576	7.6713069946	7.95020673786	21.211795213	21.0432410608	21.100888313	21.2394927112	21.2595983893	21.1611671735	21.1445186127	21.179788844	
2017/08/18	14:57:06	7.35716366504	7.52729635244	7.55057680429	7.44674927374	7.46905093297	7.51350147073	7.670550463	7.95006594867	21.21111047	21.0428116052	21.1000508746	21.2398315039	21.2586177991	21.1610645813	21.1440175812	21.1792281659	
2017/08/18	15:00:21	7.34662950541	7.53797652874	7.52268503183	7.44948006549	7.44405217293	7.50331809679	7.67409954273	7.93361452304	21.1852119135	21.0198882214	21.0656061523	21.2314213324	21.226981239	21.1302964758	21.1220389996	21.1441511896	
2017/08/18	15:03:28	7.46295211024	7.62758012237	7.5615755705	7.50006762264	7.48948457847	7.5243148941	7.70711437652	7.99988839674	21.1801920551	21.0208616541	21.0617816119	21.2437252344	21.2200574609	21.1226450092	21.1223157599	21.1344526514	
2017/08/18	15:06:33	7.48134110443	7.62412747775	7.5617874643	7.52607193341	7.48878308391	7.54529298645	7.71089658139	8.03379594769	21.1905371625	21.0360047345	21.0733435101	21.2634754187	21.2298919934	21.1324485254	21.137974187	21.1441845917	
2017/08/18	15:09:36	7.48204053324	7.62355803133	7.56115256805	7.52634370737	7.48835763506	7.54417244338	7.71078707139	8.02990803151	21.2114158606	21.0595746875	21.0961857745	21.2893668176	21.2497161395	21.1525780621	21.160155567	21.163705733	
2017/08/18	15:12:37	7.48130305728	7.62282111829	7.56070401937	7.52579569321	7.48782664846	7.54386574808	7.71072064356	8.02934114261	21.2401655249	21.0911778455	21.1281682849	21.3207051447	21.2736248853	21.1796790942	21.1880391626	21.1909260583	
2017/08/18	15:15:39	7.48034153952	7.62223752365	7.5602393017	7.52539697186	7.48748016201	7.54359723337	7.70989761694	8.02846875541	21.2719166064	21.1275932916	21.1657528046	21.3566529614	21.3079765588	21.2125777765	21.2203222919	21.2237102191	
2017/08/18	15:18:40	7.47970321339	7.62139509269	7.55948590594	7.52517992495	7.48683855744	7.54353614305	7.70919647766	8.02766099875	21.309503512	21.166237135	21.2077392438	21.3957739777	21.3446950098	21.2492652112	21.2567043359	21.2601733826	
2017/08/18	15:21:41	7.4788621403	7.6207382345	7.55903084852	7.52469354274	7.48622976964	7.5430503247	7.70867468461	8.02711766247	21.3498079169	21.2085862256	21.2517584393	21.437020799	21.3837492218	21.2884315588	21.2955032605	21.2985929547	
2017/08/18	15:24:42	7.47781945239	7.61971159539	7.55839229261	7.52435473495	7.48555962152	7.54284022203	7.70811741912	8.02811104203	21.3926675824	21.252397851	21.2980871515	21.4783463538	21.425525705	21.3299312817	21.3364900226	21.340665285	
2017/08/18	15:27:43	7.47670271533	7.61918394109	7.5576501985	7.5237103324	7.48510176682	7.54226404848	7.70746490778	8.02750824679	21.4362048334	21.296548269	21.3440699133	21.5210962695	21.468447403	21.3720656445	21.3786983472	21.3817164655	
2017/08/18	15:30:44	7.47566309759	7.6186825524	7.55708296621	7.52315943037	7.48454333753	7.54198141579	7.70654203326	8.02681328002	21.47946771	21.3418272009	21.3915772424	21.5643472168	21.5104815594	21.4139661926	21.4202911188	21.4241800775	
2017/08/18	15:33:45	7.47497457778	7.61778494912	7.55655760192	7.52271376281	7.48412887739	7.54173101369	7.70608522633	8.02601143855	21.5235823401	21.3853692236	21.4391633051	21.6071019043	21.554975542	21.457479585	21.4622155255	21.4664528204	
2017/08/18	15:36:46	7.47396890165	7.61713355326	7.55611353887	7.52231822313	7.48363039712	7.54123643259	7.70561374531	8.0252071322	21.5670241565	21.4296293915	21.4853560229	21.6501834552	21.5937625372	21.5001316803	21.5054736304	21.5093005566	
2017/08/18	15:39:47	7.47334239901	7.61657993428	7.55556878118	7.52217249443	7.48305608435	7.54082580842	7.70494317052	8.02444450714	21.6090153674	21.472980545	21.5315129529	21.6924848285	21.6368488599	21.5416337891	21.5475483466	21.5511915613	
2017/08/18	15:42:48	7.47276449919	7.61590153652	7.55512188423	7.5216090096	7.4826901071	7.5404312457	7.70431481268	8.02369066666	21.6516650769	21.5145757025	21.5764936517	21.7335884979	21.6769814825	21.5818570746	21.5878121918	21.5899713989	
2017/08/18	15:45:49	7.47235557602	7.61551065308	7.55468146793	7.52140545196	7.48242712278	7.54031111595	7.70378298101	8.02302877717	21.6918501886	21.5564094464	21.6187473077	21.7731198828	21.7176795551	21.6216652197	21.6280593359	21.6306384552	
2017/08/18	15:48:50	7.47172150516	7.61531741498	7.5543041515	7.52097153554	7.48237542759	7.54022460585	7.70327223632	8.0225105061	21.732989646	21.5949292249	21.6610629962	21.8125796918	21.7561659314	21.6598462054	21.6669059778	21.6697093683	
2017/08/18	15:51:50	7.47103218069	7.61485374605	7.55426984524	7.52095065987	7.48234775976	7.53999520752	7.70288778539	8.02198319533	21.7712159631	21.6350690051	21.7033118805	21.8503574664	21.7959597614	21.6982466907	21.7055021039	21.7069861115	
2017/08/18	15:54:51	7.47062142631	7.6147715116	7.55430257382	7.52105815496	7.48223338117	7.54011782949	7.7027640067	8.021593042	21.808621543	21.6721262488	21.7437355786	21.8874958295	21.8317572687	21.734905495	21.7427120428	21.7441745776	
2017/08/18	15:57:52	7.47002513319	7.61455353604	7.55451834939	7.52106734018	7.48193338652	7.53996513054	7.70263918354	8.02156282095	21.8454402002	21.7069908832	21.7811888757	21.9217043512	21.8664286481	21.7684483606	21.7784570612	21.7805446924	
2017/08/18	16:00:53	7.46985211529	7.61437598331	7.55436591704	7.52109194653	7.48205333634	7.53976629958	7.70262527854	8.02122535655	21.8824354114	21.7434325739	21.8185204938	21.9558222101	21.9015581134	21.802363421	21.8125248169	21.815440343	
2017/08/18	16:03:54	7.46941136935	7.61411977145	7.55435221918	7.52101241321	7.48218715181	7.53992604004	7.70279158307	8.02113579585	21.9175410181	21.7777723181	21.8534948779	21.9880361493	21.9343947632	21.8349209247	21.8451252661	21.8481624713	
2017/08/18	16:06:55	7.46933222262	7.61424078346	7.55439067594	7.521131173	7.4822258077	7.53984441922	7.70259999298	8.02088356912	21.950955047	21.8098526489	21.8876222803	22.0202715613	21.9638267847	21.8665741858	21.8768572607	21.8806436273	
2017/08/18	16:09:56	7.46910485236	7.61411530409	7.55459786742	7.52126388295	7.4824260915	7.53998984217	7.70264200292	8.02047554208	21.9843213586	21.8425986359	21.9220956329	22.0506698578	21.994053299	21.8972110687	21.9072269269	21.9119747968	
2017/08/18	16:12:57	7.46857717541	7.6138655025	7.55449474956	7.52145248776	7.48232072207	7.54013599121	7.70251280044	8.02042777063	22.0163229559	21.8737627948	21.9541306323	22.0813830884	22.0250719202	21.9279338428	21.9377158862	21.9418911487	
2017/08/18	16:15:58	7.46849150749	7.6137378395	7.55437380587	7.52131657633	7.48236378074	7.54005676113	7.70249947508	8.02000069096	22.0474083813	21.9030969958	21.9864638647	22.1103617957	22.054286828	21.9562254211	21.9672242554	21.9708173669	
2017/08/18	16:18:58	7.46845566444	7.6138836764	7.55435802557	7.52142393032	7.48221604294	7.54023571112	7.70239270934	8.01983854412	22.0776444391	21.9334046295	22.0172415137	22.1379256854	22.0829052698	21.9850585907	21.994790531	21.9992520972	
2017/08/18	16:21:59	7.46811272018	7.61371565284	7.55436086378	7.52133925669	7.48210896228	7.54018433597	7.70250819296	8.01970147506	22.1062461798	21.9608993292	22.0461796613	22.1653893689	22.1117408252	22.0119711395	22.0221110626	22.0276772839	
2017/08/18	16:25:00	7.46807229442	7.6136257548	7.55438187979	7.52137819311	7.48206203021	7.54028737285	7.70219631052	8.01944278571	22.1350030017	21.9878047205	22.0740155396	22.190751106	22.138319353	22.0375571478	22.0476660547	22.0519439093	
2017/08/18	16:28:01	7.46775826251	7.61357116293	7.5544744265	7.52166046624	7.48225437909	7.54047977188	7.70210476473	8.01927205569	22.1616316327	22.0133597125	22.1005415784	22.214953313	22.1633208246	22.0627423309	22.0730778949	22.0786441162	
2017/08/18	16:31:02	7.46761298645	7.61334207827	7.55453993687	7.52149012105	7.48217758511	7.5404194301	7.70213778962	8.01893371004	22.1879787317	22.0378243646	22.1276783984	22.238365799	22.1886443878	22.0863600012	22.0970940045	22.1009209308	
2017/08/18	16:34:03	7.46756363706	7.61355358616	7.55464696825	7.52165923127	7.48222309485	7.54045208783	7.70196839002	8.01898788183	22.2139178479	22.0613466003	22.1512531232	22.2614705084	22.2100288892	22.1091354614	22.1196952966	22.1260703259	
2017/08/18	16:37:04	7.46762389019	7.61345147023	7.55487272958	7.521655804	7.48224730417	7.5404545815	7.70174517528	8.01862603497	22.2376548114	22.0836735181	22.1757464056	22.2829981616	22.2330811096	22.1318989923	22.1417239813	22.1468488177	
2017/08/18	16:40:05	7.4674020943	7.61373551404	7.55441879584	7.52158635462	7.48239433737	7.54039873478	7.7018580848	8.01860627208	22.2601749841	22.1031827301	22.1974172107	22.3027841339	22.253093739	22.1512054059	22.1634759058	22.1686627747	
2017/08/18	16:43:06	7.46744594862	7.61341214667	7.55472682121	7.52163448757	7.48236478662	7.54041448263	7.7017783106	8.01829431273	22.2821559515	22.1242856995	22.2190999451	22.3228921979	22.273939035	22.1713349426	22.1825795209	22.188658703	
2017/08/18	16:46:07	7.46723857871	7.61337808908	7.55462051309	7.52177247117	7.48231931357	7.54032406073	7.7015948601	8.01829357769	22.3030346497	22.1434465753	22.2395324866	22.3414995532	22.2927706616	22.1907916656	22.2011248438	22.207817193	
2017/08/18	16:49:07	7.46711221704	7.61345446332	7.55477907801	7.52149201372	7.48245577104	7.54044917296	7.70149998962	8.01794166675	22.3234862781	22.1609492755	22.2585001074	22.3597323279	22.3117907715	22.2082156323	22.2197369708	22.2267156238	
2017/08/18	16:52:08	7.46706664253	7.61351125519	7.55446247574	7.52173582145	7.48243077805	7.54030861183	7.7014754037	8.0178077689	22.3414422925	22.1775238745	22.27638216	22.3756102545	22.3286612177	22.2262312933	22.2368627045	22.2436886621	
2017/08/18	16:55:09	7.46709570781	7.61319596507	7.55479179522	7.52169002097	7.48254001697	7.54051210209	7.70138788938	8.01773732182	22.3604361578	22.1934065729	22.2941377618	22.3904073846	22.3449232684	22.2419088074	22.2523970667	22.2593948065	
2017/08/18	16:58:10	7.46693284599	7.61345706392	7.55465528785	7.52181367473	7.48239515264	7.5405529249	7.70127879571	8.01764000036	22.3770035992	22.2077957202	22.3113804028	22.4060538824	22.3625762781	22.2571878821	22.2679433582	22.2761602747	
2017/08/18	17:01:11	7.46690730148	7.61335076603	7.554776953	7.52161380793	7.48243444208	7.54045326083	7.70117004541	8.01758499327	22.3923494781	22.2222111121	22.3272893457	22.4209703058	22.3767149097	22.2722904028	22.2830339496	22.2906257697	
2017/08/18	17:04:12	7.46678521421	7.61325264576	7.55488171251	7.52150010339	7.48247072509	7.54055795366	7.7010045229	8.01750232839	22.4080961823	22.2341499768	22.3411893909	22.4336726471	22.3907557208	22.2864743658	22.2962468658	22.3044232227	
2017/08/18	17:07:13	7.46682041394	7.61331752085	7.554704355	7.52159795321	7.48240234758	7.54071396058	7.70104814314	8.01742953698	22.4209297461	22.2452442456	22.353824928	22.4438913037	22.4032170898	22.2984036871	22.3097914172	22.3176409106	
2017/08/18	17:10:14	7.46667901654	7.61323323677	7.55465521273	7.52158753783	7.48232120453	7.5405456552	7.70112460234	8.01731115922	22.433603457	22.2579370435	22.3676533972	22.4578438379	22.4172197272	22.3126210522	22.3233550555	22.3307941803	
2017/08/18	17:13:15	7.46669325399	7.61334141748	7.55465765761	7.52163569974	7.48237554655	7.54046281172	7.70080905941	8.01715193302	22.4455303925	22.2685660687	22.3800813641	22.4692172528	22.4291156464	22.3251516113	22.3345041992	22.3430599084	
2017/08/18	17:16:15	7.46637742159	7.61309602705	7.55466211132	7.52160090674	7.48247264769	7.54044688402	7.70089339435	8.01700317426	22.4589103192	22.2801542114	22.3927765479	22.4805095483	22.4399999591	22.3357901801	22.3461042712	22.3549963873	
2017/08/18	17:19:16	7.46632820456	7.61330556395	7.5546825467	7.52171032668	7.48252970055	7.54048800795	7.70100510071	8.01696575753	22.4688498297	22.2877937488	22.4022770593	22.4889268774	22.448579527	22.3457821796	22.3565161829	22.3658592273	
2017/08/18	17:22:17	7.46646433993	7.61316462904	7.55464322602	7.52170219375	7.48241729441	7.54034347839	7.70089350637	8.01698572809	22.4804475159	22.2978644818	22.4137912402	22.4984870355	22.4580681091	22.3568048724	22.3671404364	22.3775571198	
2017/08/18	17:25:18	7.46648088588	7.6131508568	7.554763124	7.52154515784	7.48241816976	7.540591014	7.70071958103	8.01701489098	22.4907639929	22.3084457898	22.4245586456	22.5091112891	22.4678119788	22.3670402301	22.3779674884	22.3881909167	
2017/08/18	17:28:19	7.46640273762	7.6130019691	7.55477049839	7.52158306583	7.48232217472	7.54057601412	7.70071711289	8.01709373389	22.4983963727	22.3159779633	22.4335843701	22.5176455255	22.4764678943	22.3766170892	22.3863180133	22.3959258887	
2017/08/18	17:31:20	7.46642420818	7.61321371967	7.55465392221	7.52164812031	7.48242347753	7.54042465272	7.70072733223	8.01699335402	22.5077346454	22.3247221558	22.4421854108	22.526389718	22.4860328241	22.3852300592	22.3944585822	22.4068603046	
2017/08/18	17:34:21	7.46660957883	7.61331547158	7.55471694439	7.52117677895	7.48239492577	7.54044243721	7.70051145667	8.01668847616	22.5137637244	22.3310470819	22.4497581439	22.5331942029	22.4926631409	22.3933944867	22.4031765302	22.4164300061	
2017/08/18	17:37:22	7.46665855293	7.61315034012	7.55463139418	7.52125023589	7.48234109794	7.54046452364	7.70056379468	8.01663793905	22.5236817621	22.3386126575	22.4591322046	22.5408218109	22.5025716351	22.4028234222	22.4115413702	22.4243224451	
2017/08/18	17:40:23	7.4664813524	7.61288607039	7.5547901471	7.52145735405	7.48238234993	7.54079944113	7.70059983685	8.01667368314	22.5310182947	22.345775022	22.4680768097	22.549907182	22.5107766223	22.4108852576	22.4205551654	22.4326610406	
2017/08/18	17:43:23	7.46630678121	7.61308093181	7.55479612579	7.52124381003	7.48236565839	7.5403490209	7.70055728008	8.01681465336	22.5378108502	22.3515344983	22.4752797339	22.5564038904	22.5189124194	22.4179760461	22.4270518738	22.4398735083	
2017/08/18	17:46:24	7.46636315847	7.61296393912	7.55474628112	7.52133207881	7.48250892542	7.54044347674	7.70044889381	8.01636352106	22.542823551	22.3558624561	22.483995296	22.5630127344	22.5252635901	22.4248091614	22.4335986853	22.4461745758	
2017/08/18	17:49:25	7.46640074583	7.61308930803	7.55468387027	7.52112855892	7.48230518753	7.54046421315	7.70046823201	8.01651479267	22.5480128058	22.3623687079	22.4899313263	22.5696120349	22.5307296051	22.4303562958	22.4401478827	22.4530721094	
2017/08/18	17:52:26	7.46656379001	7.61283406177	7.55471926109	7.52112131901	7.48218233366	7.54049527479	7.70048142263	8.01645421326	22.5536004999	22.3663125415	22.494946413	22.5743121875	22.5369018359	22.4369889984	22.4456568433	22.4592968292	
2017/08/18	17:55:27	7.46634214887	7.61292750665	7.55459814295	7.52110492013	7.48186592498	7.54031093889	7.70044612209	8.01644523622	22.5584628912	22.3712560522	22.5017747565	22.5792461548	22.5427973065	22.4425265894	22.451356673	22.4651302673	
2017/08/18	17:58:28	7.46644776556	7.61283917337	7.55478026982	7.52114285243	7.48190501844	7.54023124094	7.70018553	8.01630284923	22.5648856378	22.3750996796	22.5071524945	22.5844497247	22.5487381085	22.4476585834	22.4559279889	22.4690001392	
2017/08/18	18:01:29	7.46621257183	7.61257419635	7.55452581462	7.5209481916	7.48212783919	7.54053027221	7.70020955402	8.01680182394	22.5703755115	22.3795874902	22.5124085535	22.5905098199	22.5550940509	22.4538713739	22.4619451385	22.4755851245	
2017/08/18	18:04:30	7.46618691859	7.61282789561	7.55474510236	7.52110781587	7.48197543275	7.54040340857	7.70034752282	8.01653884547	22.5757365485	22.3838725024	22.5184948932	22.5957396344	22.559977915	22.4595020135	22.4673729797	22.4820150287	
2017/08/18	18:07:31	7.46598629517	7.61255833951	7.55473746702	7.52120166134	7.48207091784	7.54076064932	7.70022107346	8.01648573778	22.581772785	22.3896439081	22.5242138098	22.6025775214	22.5652888489	22.4646196924	22.4730513367	22.4876933856	
2017/08/18	18:10:31	7.4658940863	7.61248176549	7.55438182582	7.52105587902	7.48199473121	7.54057720852	7.70034461924	8.01674510684	22.587117121	22.393864502	22.5284749634	22.6062422089	22.5702132727	22.4694009644	22.4776990002	22.492415011	
2017/08/18	18:13:32	7.46605258324	7.61274813843	7.55455475417	7.52121350308	7.48217216487	7.54060058817	7.70034393254	8.01659082804	22.5915357416	22.3980039764	22.5346209497	22.6120303156	22.5755719238	22.476069455	22.4832723792	22.4980695093	
2017/08/18	18:16:33	7.46618679094	7.61301442268	7.55457458556	7.52107441708	7.48193261268	7.54066918812	7.70032248311	8.01638991177	22.5975290326	22.4035892847	22.5405641376	22.6184244318	22.5804009131	22.4820341156	22.4886238727	22.5038814746	
2017/08/18	18:19:34	7.4661190349	7.61268706165	7.55459862354	7.52106343769	7.48200531786	7.54063032697	7.70018361817	8.01635940844	22.6034889215	22.4094036359	22.5463379291	22.6235039368	22.5843519043	22.4876933856	22.4927585754	22.5100942651	
2017/08/18	18:22:35	7.46600453784	7.61276111006	7.55458858605	7.52082197284	7.4819608952	7.54077901972	7.70015051975	8.01651251555	22.6084682202	22.4133307684	22.5520759326	22.6284426758	22.5897940607	22.4923887665	22.4987136926	22.5151976288	
2017/08/18	18:25:36	7.46576999476	7.61244609808	7.55458339399	7.52109411936	7.48195810637	7.54075522253	7.70007318892	8.01675288782	22.6165563	22.4200565198	22.5581169409	22.6345648035	22.5950453479	22.4992266534	22.5049885156	22.5226796991	
2017/08/18	18:28:37	7.46560429962	7.61273680904	7.55456236852	7.52115736385	7.48193305929	7.54086836053	7.700177136	8.01675824216	22.6228573676	22.4257754364	22.5638048413	22.6397826886	22.6006425854	22.5058068671	22.5102469604	22.5277949921	
2017/08/18	18:31:38	7.46548553588	7.61248592222	7.55466476908	7.52105815618	7.48225491321	7.54083817577	7.70033106296	8.01652797849	22.6293302173	22.429526015	22.5700629633	22.6452534753	22.6078717542	22.5103233081	22.5152572754	22.5330415076	
2017/08/18	18:34:39	7.46551232419	7.61222598162	7.55467333334	7.52094561779	7.48222329811	7.54090709527	7.70028291377	8.01674067954	22.6367407117	22.4354023987	22.5763282428	22.6524396985	22.6124502277	22.5179294434	22.5219925702	22.5393759772	
2017/08/18	18:37:40	7.46558514515	7.61263366702	7.55471676789	7.52109352672	7.48226545847	7.54097829436	7.70025691086	8.01670487382	22.6429892902	22.4416915369	22.5831184125	22.6590127545	22.6210202521	22.5247816455	22.5276160522	22.5469343951	
2017/08/18	18:40:40	7.46574410414	7.61237265574	7.55448245227	7.52125390297	7.48211110852	7.54107162864	7.70049848815	8.01678221309	22.648159458	22.4459622339	22.5893526758	22.6664351782	22.6261999634	22.5318438037	22.5349048676	22.55521573	
2017/08/18	18:43:41	7.46586792695	7.61293202478	7.5545299359	7.5212275669	7.48211313486	7.54103587472	7.70037892397	8.0166328134	22.6543937213	22.4538833032	22.5972642017	22.6739983679	22.6332406488	22.5393568903	22.5421817535	22.5626978003	
2017/08/18	18:46:42	7.46582494966	7.61276730162	7.55491752458	7.5213178482	7.48233015126	7.54111137766	7.70032045411	8.01675415249	22.6616038031	22.4615538568	22.6061944916	22.682468186	22.6400952368	22.5471395795	22.5502101868	22.5711676184	
2017/08/18	18:49:43	7.46566983999	7.61287303696	7.55480583162	7.52131747358	7.4821829034	7.54099535969	7.70041313961	8.01666106144	22.6663540588	22.4676688269	22.6152536182	22.6908115533	22.6489706519	22.5549222687	22.5575013879	22.5786115149	
2017/08/18	18:52:44	7.46544916141	7.61267237292	7.55462811393	7.52108369591	7.482432129	7.54121579462	7.70034053737	8.01666785003	22.6725596918	22.4757855371	22.6232796655	22.699799104	22.6572615302	22.5633372119	22.5654343866	22.5871982404	
2017/08/18	18:55:45	7.46533081735	7.61239620963	7.55466336331	7.52119516441	7.48240404598	7.5412732789	7.70041633885	8.01670800177	22.6771310077	22.4823705225	22.6314106909	22.708464563	22.6653639252	22.5704948047	22.5720623175	22.5943176593	
2017/08/18	18:58:46	7.46549395148	7.61254814387	7.55468422523	7.52138124637	7.48240959214	7.54101634573	7.70051459381	8.01645918256	22.681835932	22.4875884076	22.6390001251	22.7159824213	22.6728650824	22.5771489801	22.5785900421	22.6021671527	
2017/08/18	19:01:47	7.46560728886	7.61244767993	7.55471418914	7.52151944367	7.48247331703	7.54112673887	7.70038618857	8.01650743746	22.6864263348	22.4950132172	22.6486485602	22.7248602222	22.681606889	22.5855114343	22.5862892261	22.6106226556	
2017/08/18	19:04:47	7.46549464455	7.61251222039	7.55479121121	7.52155063718	7.48234548716	7.54117797348	7.70042134321	8.0163136735	22.6900433051	22.5020777612	22.6585785272	22.7343106305	22.6891629211	22.591686051	22.592494859	22.6190089685	
2017/08/18	19:07:48	7.46559467402	7.61259125993	7.55490671251	7.52119504988	7.48217587473	7.54112830457	7.70016968169	8.01614574498	22.6931282275	22.5094405383	22.6688449011	22.7427876062	22.6982840802	22.5996619952	22.6006950745	22.6258062958	
2017/08/18	19:10:49	7.46549995599	7.61267332679	7.55470767649	7.52137538806	7.48235825252	7.54118923689	7.70030415416	8.01625091165	22.6981051404	22.5177934491	22.6778348376	22.7519707977	22.7067228821	22.6081699872	22.608119884	22.6339778809	
2017/08/18	19:13:50	7.46566595279	7.61269822272	7.55475263409	7.52134652117	7.48252197017	7.54106602789	7.70025884003	8.01629988859	22.7030629663	22.5259554907	22.6861686615	22.7596389655	22.715987193	22.6162676105	22.6159813068	22.6413502014	
2017/08/18	19:16:51	7.46583713756	7.61286685074	7.5548324309	7.52151692145	7.48241535731	7.54108438527	7.70012636284	8.0159833152	22.7080494226	22.5323734656	22.6935195093	22.7675123175	22.724125376	22.6231675299	22.6221153638	22.6497842316	
2017/08/18	19:19:52	7.46585513989	7.61305602814	7.55478125944	7.5213228935	7.48235062271	7.54076960907	7.70009183748	8.01562278362	22.7130430365	22.5391087604	22.702821994	22.7759845215	22.7315334845	22.6307116327	22.6289627942	22.6575716925	
2017/08/18	19:22:53	7.46577612519	7.61280952723	7.55495973681	7.52169796257	7.4825598647	7.54086989948	7.70010971091	8.01572414478	22.7166934088	22.5464596082	22.7110341388	22.7846571381	22.7385813275	22.6374302264	22.6359557623	22.6648843665	
2017/08/18	19:25:54	7.46607372962	7.61309159832	7.55502166422	7.52149605708	7.48247147317	7.54100073701	7.69978677751	8.01543278036	22.7230922968	22.5549890729	22.7205251068	22.7931770593	22.7450303186	22.6447596014	22.6425502911	22.6734233746	
2017/08/18	19:28:55	7.46593536411	7.6129485206	7.55506936771	7.52160449582	7.48247178182	7.54078544164	7.69982160334	8.01541693109	22.7271864398	22.5632489349	22.7300709497	22.8012699109	22.7532901807	22.6516786078	22.6498176337	22.6805857391	
2017/08/18	19:31:56	7.46592593183	7.61297474478	7.55502793493	7.52174809343	7.48245839388	7.54081741003	7.69991912597	8.01537550106	22.7343655054	22.5708980157	22.7384071594	22.8108658569	22.7617075098	22.6606279846	22.6570873621	22.688972052	
2017/08/18	19:34:56	7.46609266615	7.61308372817	7.55489620724	7.52158347176	7.48273038742	7.54102808533	7.69959318521	8.01529671602	22.7405878394	22.5780317499	22.745920246	22.8165036542	22.7694233948	22.6671390082	22.6638441296	22.6965161548	
2017/08/18	19:37:57	7.46612923467	7.61314088267	7.55498789732	7.52150589049	7.48255492702	7.54090178859	7.69985810438	8.01518724004	22.7456530292	22.5850915222	22.7543399609	22.8239022192	22.7770271442	22.6735832275	22.670658158	22.7038717743	
2017/08/18	19:40:58	7.46606023505	7.61309574976	7.55519708034	7.52190129446	7.48240240297	7.54084497613	7.69983163966	8.01532406271	22.7507993384	22.5914856384	22.7607770227	22.8295090002	22.7836145154	22.6802755768	22.6765297699	22.7108408838	
2017/08/18	19:43:59	7.46608291879	7.61302879029	7.55511175165	7.52161748278	7.48254786	7.54099250649	7.69977016444	8.01529396266	22.7576467688	22.6001463257	22.7686050433	22.8363969904	22.7888467157	22.6853121362	22.6825898651	22.7170441309	
2017/08/18	19:47:00	7.46601668414	7.61300402714	7.55519226684	7.52162345004	7.4825785066	7.54104206412	7.699738936	8.01530160134	22.7658231256	22.6075353473	22.7746245789	22.8412498383	22.7956106409	22.6897951752	22.6875238324	22.7221307935	
2017/08/18	19:50:01	7.46595903887	7.61306693341	7.55515695937	7.52152521068	7.4824817384	7.54094579119	7.69968159595	8.01539954239	22.7733409839	22.6123500214	22.7783966302	22.845718562	22.8012365088	22.6945096429	22.6904560596	22.7261080292	
2017/08/18	19:53:02	7.46590527043	7.61295681268	7.5549370087	7.52154292619	7.48246458313	7.54099561414	7.69975147737	8.01535642571	22.7801717133	22.6199895587	22.7839890961	22.8510318817	22.8060607263	22.6992813715	22.6960485254	22.7304312152	
2017/08/18	19:56:03	7.46576404042	7.61297904297	7.55505792282	7.52149258632	7.48245660495	7.54090505949	7.69970377277	8.01534284085	22.7864035907	22.6245751898	22.787171839	22.8540834021	22.809897196	22.7037763397	22.7000925653	22.7352005579	
2017/08/18	19:59:03	7.46566685993	7.61286601139	7.55493617299	7.52149339543	7.48231702099	7.54089489299	7.69962110121	8.01514361821	22.792198855	22.627841438	22.7901326965	22.8565336847	22.8146307507	22.7066441486	22.7038192853	22.7378130792	
2017/08/18	20:02:04	7.46559581047	7.6127864222	7.55497978524	7.52158841217	7.48219159411	7.54073081305	7.69942494325	8.01517836995	22.7982613361	22.6296475372	22.7923992676	22.8587262939	22.8166396484	22.7108528131	22.7068421753	22.7408144965	
2017/08/18	20:05:05	7.46545703202	7.6129331008	7.5549766683	7.52146832711	7.48227017407	7.54069442062	7.69949000822	8.01508760192	22.8037082642	22.6328016498	22.793885661	22.8600504486	22.8195599463	22.7134677203	22.7085766986	22.7439900818	
2017/08/18	20:08:06	7.46561230094	7.612696376	7.55502664521	7.52142493725	7.48211233727	7.54057001885	7.69941123185	8.01505315265	22.808439433	22.6370532599	22.7968155023	22.8621309222	22.8209652203	22.7153119934	22.7110365247	22.7465214838	
2017/08/18	20:11:07	7.46563761908	7.61267950554	7.5548084436	7.52127470122	7.48205151219	7.54035048005	7.69949909248	8.01512162951	22.813184917	22.6380028339	22.7978772119	22.8636340167	22.8232651935	22.7167315826	22.7117594415	22.7480866107	
2017/08/18	20:14:08	7.46572709508	7.61251557667	7.55493343549	7.52125054177	7.48197028827	7.54031974316	7.69946661487	8.01498363544	22.8167374689	22.6387591528	22.7987170361	22.8650249756	22.8248923529	22.7187380945	22.7145007996	22.7503364807	
2017/08/18	20:17:09	7.46577788127	7.61276189958	7.55495961154	7.52114496648	7.48199961703	7.54027806394	7.69928699316	8.01520007231	22.8197961469	22.6403576819	22.8000077887	22.8662942554	22.8273593365	22.7209903503	22.7160158234	22.7528845837	
2017/08/18	20:20:10	7.46589044658	7.61260855186	7.55473257663	7.52099908795	7.48191804396	7.54036986584	7.69922171108	8.01517804816	22.8229884332	22.643924549	22.8029304724	22.8691382056	22.8294135657	22.723035036	22.7175809503	22.7547861176	
2017/08/18	20:23:11	7.46570154602	7.61250421648	7.55482663715	7.52119761444	7.48189064595	7.54026854901	7.69918539309	8.01504147233	22.8249543854	22.6437861688	22.8033646997	22.8701641272	22.8304919763	22.7237841974	22.7181058405	22.7552919208	
2017/08/18	20:26:11	7.46573981969	7.61246286536	7.55492122411	7.52103934681	7.48186325342	7.5401829052	7.6990242125	8.01504350238	22.8262451379	22.6434688489	22.8038060846	22.8699613287	22.8317922723	22.7242876147	22.7186283447	22.7559885931	
2017/08/18	20:29:12	7.46574187344	7.61271909978	7.55460345129	7.52095287524	7.48171481493	7.54018658878	7.698996376	8.01520507439	22.8266459631	22.6412213647	22.803693949	22.8691644501	22.8319879132	22.7241468488	22.7179650745	22.7560530115	
2017/08/18	20:32:13	7.4659517095	7.61254783646	7.55472275845	7.52093423875	7.48167338019	7.54016070437	7.69919933521	8.01523425187	22.8267509412	22.6398948242	22.8031046405	22.8685727557	22.8320117719	22.7248960101	22.7182967096	22.7565158691	
2017/08/18	20:35:14	7.46582567703	7.61257868601	7.55452496726	7.52073058449	7.4815442118	7.54019231842	7.69890526517	8.01512928027	22.8278269659	22.6397182703	22.8033503845	22.8697084271	22.8330448511	22.7251727704	22.7190745013	22.7569763409	
2017/08/18	20:38:15	7.46608880837	7.61251060934	7.5547117947	7.52090002685	7.48156159048	7.54026307823	7.69903688966	8.01503223178	22.8284806927	22.6386947345	22.8024270551	22.8683675714	22.8324603143	22.7243210168	22.71800802	22.7556450287	
2017/08/18	20:41:16	7.46598208321	7.612639478	7.55464104312	7.52092052378	7.48146498254	7.5398860566	7.69912011971	8.01493450929	22.829513772	22.6377046008	22.8022958325	22.8684486908	22.8330734814	22.7250081458	22.71800802	22.7559003162	
2017/08/18	20:44:17	7.46615568923	7.61268563138	7.55452169476	7.52077706407	7.48148543649	7.53999133035	7.69894812341	8.01499661017	22.8298334778	22.636366131	22.8006901459	22.8666497491	22.8329947479	22.7237412518	22.7168747345	22.7543996075	
2017/08/18	20:47:18	7.46597259082	7.61264247033	7.554524601	7.52066780395	7.4816083245	7.53984740614	7.69887085485	8.01487953193	22.831973598	22.6365402991	22.7998741803	22.8668573193	22.8322599017	22.7237841974	22.717745575	22.7557905664	
2017/08/18	20:50:19	7.46613482469	7.61279509812	7.55452202728	7.52078253337	7.48157202195	7.53984274493	7.69885034539	8.01487866868	22.8296998694	22.6335794415	22.7984498193	22.8655140778	22.831358045	22.7231567151	22.7170178864	22.7544783411	
2017/08/18	20:53:19	7.46620802267	7.61282135501	7.55438282466	7.52060266779	7.48148739783	7.5398097038	7.69865320936	8.0150659879	22.8297165704	22.6341902228	22.7975121747	22.8656524579	22.8324984882	22.7233881439	22.7166743219	22.7547312427	
2017/08/18	20:56:20	7.46628820885	7.61266893651	7.55450869837	7.52066627936	7.48139997731	7.53993238708	7.69871976895	8.01480608897	22.8276337109	22.6318926355	22.796312085	22.8652301599	22.8306422858	22.7223001898	22.7147059839	22.753354599	
2017/08/18	20:59:21	7.46631388612	7.61268814654	7.55450739291	7.52049496228	7.48146666984	7.53985997838	7.69867425817	8.01484826237	22.8273044617	22.6304587311	22.7963908185	22.8649605573	22.8301388684	22.7218158594	22.7137945837	22.7531374854	
2017/08/18	21:02:22	7.46619747062	7.61257996802	7.55444444104	7.52069347289	7.48138907642	7.53971729933	7.69845793288	8.0147811078	22.8260948285	22.6293827063	22.7955605377	22.8644976996	22.8295328589	22.7211669043	22.7128378522	22.7519469391	
2017/08/18	21:05:23	7.46635562504	7.6124615705	7.55435336567	7.52046993267	7.4813587655	7.53977064135	7.69850324124	8.01478819397	22.8227379175	22.6268250598	22.7931460431	22.8621857971	22.8283256116	22.7199119397	22.7106810309	22.7505893823	
2017/08/18	21:08:24	7.4664171552	7.61276059675	7.55420466721	7.52040093767	7.48134288396	7.53979260255	7.6984813664	8.01482680418	22.8228071075	22.6271399939	22.7936637756	22.861097843	22.8283518561	22.7190482568	22.7097362286	22.7497567157	
2017/08/18	21:11:25	7.46620886638	7.6126192288	7.55393973286	7.5203217304	7.48143884073	7.539633235	7.6984670439	8.0147158249	22.8219291095	22.6251859711	22.7916596497	22.859974101	22.8268296747	22.7176167383	22.7084693347	22.7485900281	
2017/08/18	21:14:26	7.46636156189	7.61279232997	7.55441275645	7.5204377657	7.48148303593	7.53963718751	7.69854747528	8.01470514233	22.821287312	22.6231723016	22.7900062457	22.8583302405	22.8249305267	22.7179579169	22.7081544006	22.74732552	
2017/08/18	21:17:27	7.46646998158	7.61282763634	7.55422277276	7.52043315876	7.48136702904	7.53969985264	7.69822622207	8.0147982562	22.8203854553	22.6227022864	22.7905382935	22.8584423761	22.8252263739	22.7176716132	22.7074290979	22.747571264	
2017/08/18	21:20:27	7.46655454882	7.61272745375	7.55432912112	7.52047207869	7.48134303327	7.5394832844	7.69825863213	8.01463825917	22.8206574438	22.6221010486	22.7907172333	22.8599096826	22.8262856976	22.7179626886	22.7072072125	22.7480770673	
2017/08/18	21:23:28	7.46639823909	7.61281142489	7.55414431879	7.52029562107	7.48125843754	7.53955489879	7.69832340853	8.01447254053	22.8213851324	22.6215618433	22.7901350824	22.8588265002	22.8268296747	22.7186903772	22.7075579346	22.748609115	
2017/08/18	21:26:29	7.46646430314	7.61267630623	7.55448246358	7.52021446506	7.48125704951	7.53966460517	7.69850911976	8.01461283913	22.8219338812	22.6222823743	22.7915212695	22.8597522156	22.8261067578	22.7180199493	22.707603266	22.7486759192	
2017/08/18	21:29:30	7.46645782055	7.61290419042	7.55430431865	7.52034622095	7.48128848294	7.5395179162	7.69826032968	8.0146685869	22.8223633368	22.6226641125	22.7920867194	22.860747121	22.8265791589	22.719537359	22.7085576117	22.7483418982	
2017/08/18	21:32:31	7.46671085071	7.61298065024	7.55426802018	7.52039055747	7.48115398204	7.53963593836	7.6982931273	8.01469259073	22.8240692297	22.6239596368	22.793341684	22.8607232623	22.8281323566	22.7210690839	22.7109172314	22.750875686	
2017/08/18	21:35:32	7.46673277926	7.61300292783	7.55424047592	7.52036028861	7.48141008664	7.53952842528	7.69830813667	8.01455639062	22.826841604	22.6247684448	22.7943747632	22.8615511572	22.8286119153	22.721875506	22.7112846545	22.7509162457	
2017/08/18	21:38:33	7.46665492092	7.6130456942	7.55425751318	7.52020369346	7.48129811595	7.53955728434	7.69820508144	8.01468405598	22.828793241	22.6260472681	22.7955820105	22.863311925	22.8303321234	22.7233094104	22.7139782953	22.7534237891	
2017/08/18	21:41:34	7.46693556453	7.61312097901	7.55425405032	7.520393924	7.48138348743	7.53960798626	7.69822606488	8.01463004715	22.8303965417	22.6279845898	22.7978151794	22.8657288055	22.8317564844	22.7250415479	22.7149302551	22.7551249103	
2017/08/18	21:44:35	7.46671530211	7.61320861609	7.55441927954	7.52045379849	7.48127809552	7.53947229064	7.69821855443	8.01469531225	22.8331951605	22.6314679517	22.8012293512	22.8688876898	22.8349559283	22.7285153662	22.7174020105	22.7584460333	
2017/08/18	21:47:35	7.46675147737	7.61328477227	7.55422146926	7.52040464912	7.48129975098	7.53933286592	7.69806684897	8.01484771568	22.8344262665	22.6334267462	22.8035985144	22.8706723163	22.8363015558	22.7306912744	22.7202626617	22.7617456836	
2017/08/18	21:50:36	7.46676045246	7.61334789431	7.55423854462	7.52041949923	7.48125200218	7.53935450881	7.69811491732	8.01454465425	22.8368884784	22.6372393573	22.8079193146	22.8746161499	22.8402835632	22.7346852112	22.7239512079	22.7669373242	
2017/08/18	21:53:37	7.46693270039	7.61313930799	7.55427451854	7.52048180958	7.48129826688	7.5394780493	7.69825683512	8.01455385449	22.837563678	22.6384155884	22.8103648254	22.8790156836	22.8446950262	22.7380397363	22.7268047015	22.7691275476	
2017/08/18	21:56:38	7.46695054976	7.61326411875	7.55436467068	7.5206384627	7.48136627461	7.53948300346	7.69817094839	8.01444895794	22.8358100677	22.6408157678	22.8149051251	22.8850399908	22.8482833661	22.7424273407	22.7304431445	22.7726944147	
2017/08/18	21:59:39	7.46707234547	7.61327120493	7.55428885281	7.52090172328	7.48136871473	7.53959552147	7.69822430962	8.01452315026	22.8356215845	22.6444661401	22.8210701984	22.8907541357	22.8532817517	22.7471919116	22.7344299237	22.7775520343	
2017/08/18	22:02:40	7.46720107535	7.61336482618	7.55441298074	7.52087162055	7.48149294249	7.53948244676	7.69812263664	8.01419133408	22.8362013495	22.6485650549	22.8266745935	22.8958360266	22.8567985156	22.751350473	22.7371474231	22.7808516846	
2017/08/18	22:05:41	7.46711406461	7.61341712302	7.55443450789	7.52075206024	7.48146844485	7.53951456543	7.69799533225	8.01408788478	22.8363612024	22.6537900977	22.8327275311	22.9014595087	22.8615129834	22.7553181653	22.7404590027	22.7854516309	
2017/08/18	22:08:42	7.4671847359	7.61344598787	7.5544678388	7.52077077648	7.48149409854	7.53920228977	7.6979671361	8.0139370438	22.8368932501	22.656929895	22.8357981384	22.9051552124	22.8650941656	22.7594934277	22.7440306415	22.7878160223	
2017/08/18	22:11:43	7.46728475857	7.61346906222	7.55437974197	7.5207441332	7.48134690544	7.53938963516	7.69817561352	8.01425116896	22.8410923712	22.6628372949	22.8423711945	22.9107262054	22.868515495	22.762933844	22.748239306	22.7933870154	
2017/08/18	22:14:43	7.46723286378	7.6135880572	7.55466912337	7.52088175287	7.48153489546	7.53921297488	7.69802415624	8.01395002954	22.8433517847	22.6684464618	22.8475485199	22.9144887134	22.8722088129	22.7663933472	22.7516081464	22.7972855176	
2017/08/18	22:17:44	7.46718075797	7.61351064165	7.55491636978	7.52086882673	7.48170075684	7.53913831339	7.69785510146	8.0137491284	22.8443514618	22.6742846716	22.8531314423	22.9192031812	22.8776485834	22.7700222467	22.7551225244	22.8019474963	
2017/08/18	22:20:45	7.46731677704	7.61358410254	7.55457015279	7.52093619639	7.48152707699	7.53927295985	7.69791359469	8.01359435418	22.845525307	22.6783048529	22.8579795184	22.9234786499	22.8821387799	22.7735604834	22.7595101288	22.805803053	
2017/08/18	22:23:46	7.46731636892	7.61333836271	7.55457516017	7.52070237373	7.48169147594	7.53916376866	7.69795128112	8.01380906325	22.8453129651	22.6833414124	22.8643760205	22.9283195685	22.8853954846	22.7776951862	22.7632583215	22.8113931329	
2017/08/18	22:26:47	7.46717031557	7.61318390284	7.55440677398	7.52091872932	7.48168043891	7.53917556229	7.69790047903	8.01376063474	22.845577796	22.6884757922	22.8698181769	22.9336090295	22.8895969916	22.7824525995	22.767381095	22.8158117535	
2017/08/18	22:29:48	7.46712371763	7.61339233218	7.55458011577	7.52072881199	7.48162424352	7.53941138357	7.69765081687	8.01376067294	22.8457972955	22.6946623383	22.8757279626	22.9389652948	22.89461685	22.7866827368	22.771406048	22.8202256024	
2017/08/18	22:32:49	7.46676185276	7.6131928419	7.5545711587	7.52093310671	7.48165556821	7.53928901882	7.6978084639	8.01366283437	22.8475270471	22.6989163342	22.879430824	22.9430880682	22.8984437762	22.7893644482	22.7748440784	22.823520481	
2017/08/18	22:35:50	7.46682209486	7.6132926981	7.55455138671	7.52080019829	7.48185089539	7.53963246515	7.69788384605	8.01415847455	22.8481187415	22.7033993732	22.8839949823	22.9478359381	22.9035185095	22.7955963257	22.7787306512	22.8287383661	
2017/08/18	22:38:51	7.46656546857	7.61331999882	7.55456668172	7.52103214993	7.48175224309	7.53970706791	7.69791790861	8.01420394231	22.8501013947	22.7077249451	22.8899882733	22.9530848395	22.9086743622	22.7997668164	22.7832303912	22.8330543945	
2017/08/18	22:41:52	7.46659710077	7.61301554854	7.55449266038	7.52113042557	7.48194685948	7.53954599425	7.6979788786	8.0141179235	22.8502517041	22.7125515485	22.8955807391	22.958472121	22.9132743085	22.8042951868	22.7865109546	22.8365711584	
2017/08/18	22:44:52	7.46660118227	7.61292047138	7.55437503413	7.52095071909	7.48203023706	7.53967225328	7.69789845875	8.01439609963	22.8547729169	22.7174926733	22.9006864886	22.9628811981	22.9178265375	22.8068933929	22.7890900739	22.8404267151	
2017/08/18	22:47:53	7.46642380763	7.61299763161	7.5545009616	7.52106391869	7.48196098849	7.53956716575	7.69775835241	8.01438736921	22.8540452283	22.719291615	22.9035733844	22.9660949573	22.9197495441	22.8102717767	22.7934084882	22.8447045697	
2017/08/18	22:50:54	7.46634448239	7.61295725501	7.55434306581	7.5210462867	7.48195720379	7.53963395309	7.69784993647	8.01450724747	22.8577862634	22.7233499701	22.9073430499	22.9688816467	22.9238078992	22.8148812665	22.7962882263	22.8486173871	
2017/08/18	22:53:55	7.46639463105	7.61290951135	7.55440735051	7.52102512899	7.48202702862	7.53960006697	7.69782858652	8.01439940151	22.8627727197	22.7288374579	22.910998194	22.9706328711	22.9268379468	22.8172480438	22.7991154755	22.8509340613	
2017/08/18	22:56:56	7.46605189584	7.61280577009	7.55429483806	7.52091736777	7.48178533022	7.5396212224	7.69797975388	8.01458781207	22.8676828284	22.7327335742	22.913248064	22.9720453027	22.9288110565	22.8183717859	22.8015800732	22.8535513544	
2017/08/18	22:59:57	7.46609691066	7.61283759614	7.55447658525	7.52097764755	7.48185027204	7.53963248725	7.69793353647	8.01469442011	22.8713833038	22.7349214117	22.913703764	22.973605658	22.9316311481	22.8206097266	22.8038275574	22.8553073505	
2017/08/18	23:02:58	7.46607338218	7.61273179406	7.55439601886	7.52103293864	7.48162649067	7.53947820639	7.69793490801	8.01447968367	22.8752770343	22.7357970239	22.9147249139	22.9736533752	22.9334396332	22.8222106415	22.8053187225	22.8559897076	
2017/08/18	23:05:59	7.46599760138	7.61279087014	7.55430806788	7.52093879882	7.48174951748	7.53959892176	7.69802073154	8.01462350717	22.8773431927	22.7363672455	22.9144767841	22.9747675739	22.9333561279	22.8239690234	22.8063374866	22.8571134497	
2017/08/18	23:09:00	7.46598730812	7.61279740412	7.55459056489	7.5210643843	7.48167278667	7.53945030022	7.69817996359	8.0145672673	22.8809196033	22.7373120477	22.9138588452	22.974905954	22.9338738605	22.8243006586	22.8080720099	22.8575071173	
2017/08/18	23:12:00	7.46617657224	7.61291126054	7.55409945641	7.52088484767	7.48161601772	7.53957818043	7.69786607598	8.01443074435	22.8844912421	22.7380325787	22.9143813495	22.9744574115	22.9335875568	22.8245798047	22.8088832037	22.8590125977	
2017/08/18	23:15:01	7.46619763959	7.61284272325	7.55400912779	7.52080256773	7.4816036982	7.53926420419	7.69809782822	8.01442304362	22.8856913318	22.7385455396	22.9135319818	22.9738752606	22.9350620209	22.8251237817	22.8098757233	22.8594444391	
2017/08/18	23:18:02	7.4662197362	7.61262202517	7.55425934466	7.52084722123	7.48165257089	7.53916759512	7.69786323251	8.0144315234	22.8880366364	22.737922829	22.9133721289	22.9732644794	22.9355558948	22.8260876709	22.8100928369	22.8597927753	
2017/08/18	23:21:03	7.46643363577	7.61282530993	7.55409136916	7.52078997858	7.48146225279	7.5393540183	7.69778297124	8.01420747676	22.891171662	22.7370901624	22.9115350134	22.9714154346	22.9352743628	22.8238831323	22.8095369305	22.8593394611	
2017/08/18	23:24:04	7.46627439017	7.6124629458	7.55397202261	7.52072689353	7.48147960193	7.53934227088	7.69785904069	8.01435723573	22.8933952875	22.7366511633	22.9104112714	22.9703632684	22.9344059082	22.823291438	22.8084131885	22.8581536865	
2017/08/18	23:27:05	7.46614934633	7.61268593358	7.55420205535	7.52074164567	7.48159460765	7.53926161507	7.69787917765	8.01448109843	22.8956069836	22.7371044775	22.9105878253	22.9697119275	22.9357396063	22.8227498468	22.8074946307	22.8570490314	
2017/08/18	23:30:06	7.46619297812	7.6127880784	7.55395337288	7.52057364433	7.48134940023	7.53914931705	7.69794861934	8.01428469231	22.8978902557	22.7365008539	22.9095953058	22.9679010565	22.9333465845	22.8217072241	22.8060511829	22.85520953	
2017/08/18	23:33:07	7.46628643213	7.61284698238	7.55420656105	7.52081706174	7.48146544765	7.53890574889	7.69763243784	8.01442031538	22.8994076654	22.7356133124	22.9077486469	22.9671471234	22.9328694116	22.8212300513	22.8052471466	22.8550592206	
2017/08/18	23:36:08	7.46636934236	7.61267854999	7.55418348468	7.52067236743	7.48154378064	7.53900690697	7.69779752591	8.01421596165	22.901032439	22.7356944318	22.9060260529	22.9655700671	22.9314641376	22.8210654266	22.8049990167	22.8535537402	
2017/08/18	23:39:09	7.46642553493	7.61291744145	7.55413194231	7.52059868357	7.48139741352	7.53906692508	7.6976115585	8.014306437	22.9011779767	22.7336378168	22.9060284387	22.9656583441	22.9314307355	22.8200776788	22.8033575421	22.8529262579	
2017/08/18	23:42:09	7.46665056516	7.61276478573	7.55425127814	7.52043753467	7.48147742101	7.53888534803	7.69749571656	8.01409323693	22.9010706128	22.7325307758	22.9040887311	22.9643174884	22.9314116486	22.8197007123	22.8025630493	22.8515042828	
2017/08/18	23:45:10	7.46663643058	7.61300189768	7.55415022815	7.52053284681	7.48122127265	7.5389292108	7.69745241345	8.01416137559	22.9012352374	22.7306483289	22.9011445746	22.9625400195	22.9293240173	22.8179423303	22.8001366254	22.8491923804	
2017/08/18	23:48:11	7.46684073763	7.61297327324	7.55424843021	7.52057876679	7.48137660352	7.53875416	7.69739855874	8.01404752844	22.8997225995	22.7271697388	22.9005194781	22.9605859967	22.9276562982	22.8165704584	22.7991560352	22.8470952057	
2017/08/18	23:51:12	7.46696037296	7.61284963343	7.55403959288	7.52051715884	7.48129206781	7.53877823672	7.69716645977	8.01387428854	22.8989638947	22.7257668506	22.8990044543	22.9582812518	22.9257833948	22.8151389398	22.7965864594	22.8454775897	
2017/08/18	23:54:13	7.46698378694	7.61319638578	7.55394466546	7.52044189145	7.48121272498	7.53882795668	7.69713551742	8.01386384856	22.8981455432	22.7230469653	22.8972245996	22.9561435175	22.9231541724	22.8126123096	22.7948376208	22.8435450397	
2017/08/18	23:57:14	7.4670734971	7.61335906041	7.55419777717	7.52038759446	7.48106151203	7.53851100124	7.69735492865	8.01367908225	22.8966138184	22.721646463	22.894545274	22.9545903198	22.9209973511	22.8107608789	22.7924135828	22.8420324017	
