data	hora	D40	D41	D42	D43	D44	D45	D46	D47	T40	T41	T42	T43	T44	T45	T46	T47
13/08/2015	08:54:48	0.42807526193	10.0708107694	0.42573844648	0.426296365738	0.426914210638	0.426375838154	0.426202163457	0.425968783578	-2.25868821144	24.271094799	-2.27477163076	-2.27237030864	-2.27054134011	-2.27362722158	-2.24973708391	-2.27589562535	
13/08/2015	08:54:55	0.42840667066	10.0707731396	0.42595617859	0.426572961134	0.427219647391	0.426609925336	0.426440778605	0.426249452441	-2.25992634892	24.2680501938	-2.27576449513	-2.27326095104	-2.2714728117	-2.27461993694	-2.25082188845	-2.27677598596	
13/08/2015	08:55:02	0.428608050954	10.0707612656	0.426215942976	0.426747849777	0.427429165711	0.426825246445	0.426623974014	0.42644417419	-2.26079940796	24.2651391029	-2.27642297745	-2.27415457368	-2.27233573794	-2.27540120482	-2.25174620748	-2.27753669024	
13/08/2015	08:55:09	0.428608050954	10.0707612656	0.426215942976	0.426747849777	0.427429165711	0.426825246445	0.426623974014	0.42644417419	-2.26079940796	24.2651391029	-2.27642297745	-2.27415457368	-2.27233573794	-2.27540120482	-2.25174620748	-2.27753669024	
13/08/2015	08:55:40	0.429399952353	10.0707604225	0.427065371177	0.427612118158	0.428253558061	0.427623795986	0.427444098226	0.4272823314	-2.26492241025	24.2480397224	-2.28059709072	-2.27844104171	-2.27639749646	-2.27963656187	-2.25578725338	-2.28192552924	
13/08/2015	08:55:48	0.429560559088	10.0707582229	0.427172392063	0.427722186771	0.42839773828	0.427727716553	0.42764110978	0.427423019846	-2.26553589106	24.2441082001	-2.28156849742	-2.27918758988	-2.27744027972	-2.28038311005	-2.25630879402	-2.28265151381	
13/08/2015	08:55:56	0.429656749801	10.0707320548	0.427307925232	0.427821264275	0.428493857324	0.427895738479	0.427703577846	0.427496684503	-2.26626470685	24.2404150963	-2.28239953518	-2.28010028601	-2.27815881371	-2.28115290403	-2.25727275014	-2.28338047862	
13/08/2015	08:56:03	0.429608142025	10.0707220131	0.427275422621	0.427826959324	0.428486924303	0.427856681125	0.427667965909	0.427490256557	-2.26815551519	24.2380094528	-2.28421866894	-2.28177651763	-2.280202806	-2.28332966566	-2.25887730718	-2.28508710861	
13/08/2015	08:56:09	0.429819058953	10.0707509409	0.427515899676	0.428102597479	0.428762263394	0.428098773424	0.427931726654	0.427743346748	-2.26726621389	24.2357206345	-2.28353381157	-2.28072375059	-2.2790786624	-2.28221327066	-2.25845575333	-2.28457376361	
13/08/2015	08:56:11	0.430424159753	10.0707488161	0.42810652386	0.428639546194	0.42923807	0.428625451412	0.428615540061	0.428300469696	-2.26556524634	24.2346525192	-2.28224337101	-2.27968886495	-2.27810502052	-2.28106826544	-2.25631967187	-2.2833776474	
13/08/2015	08:57:27	0.430883835558	10.0706562485	0.428515208979	0.429060431156	0.429717322592	0.429093015628	0.428962069881	0.428748934379	-2.27174252272	24.207880497	-2.2880102694	-2.2855271399	-2.28372871876	-2.28681460023	-2.26291388273	-2.28898093104	
13/08/2015	08:57:36	0.431002137423	10.070647878	0.428603509976	0.42916575834	0.429784704254	0.429232854667	0.429057030813	0.428839627111	-2.27203011513	24.2038798332	-2.28845104575	-2.28566139936	-2.28406742215	-2.28733733296	-2.26346701384	-2.28949338198	
13/08/2015	08:57:45	0.431129843853	10.0706120541	0.428749237872	0.429287932509	0.429910730644	0.429391584647	0.429123719469	0.428971311856	-2.27223426104	24.2012023926	-2.28856310248	-2.28599831462	-2.28435322642	-2.2871632874	-2.26331368089	-2.28966668248	
13/08/2015	08:57:53	0.431706154998	10.0706287768	0.429329989156	0.429836462471	0.430522102543	0.429919281688	0.429799584437	0.42951134822	-2.271810323	24.1977643967	-2.28777140379	-2.28531897068	-2.28354096413	-2.28685170412	-2.26183712482	-2.28892609477	
13/08/2015	08:58:04	0.431264787622	10.0706036463	0.428924549707	0.429442843673	0.430145500144	0.429516777101	0.429303318869	0.42912196458	-2.27348148823	24.1936850548	-2.28968799114	-2.28713333607	-2.28549838066	-2.28851288557	-2.2644791007	-2.29077100754	
13/08/2015	08:59:56	0.43219813471	10.0704586419	0.429786798265	0.430408421475	0.431035396961	0.430442306345	0.430259545176	0.430033440535	-2.27708682418	24.1602182388	-2.29384511709	-2.29106575251	-2.28944092989	-2.29263931513	-2.26861581206	-2.29494869709	
13/08/2015	09:00:05	0.432198078254	10.070485469	0.429821738345	0.430385011117	0.431033787549	0.43045807239	0.430273509864	0.430087690398	-2.27809458971	24.1580247879	-2.29445442557	-2.29145020247	-2.29011163116	-2.29308515787	-2.26911261678	-2.29531288147	
13/08/2015	09:00:13	0.432758698765	10.070467411	0.430401919237	0.430979811649	0.431670055004	0.431021117373	0.430906371332	0.430631092331	-2.27677568793	24.1554260254	-2.29294136167	-2.29043781757	-2.28877216578	-2.29184806347	-2.26703763008	-2.2942493856	
13/08/2015	09:00:22	0.432270050025	10.0704800372	0.429944354193	0.430550423975	0.43113186735	0.43059594437	0.430384228322	0.430191518759	-2.27864518762	24.1532444954	-2.29489266872	-2.29228705168	-2.29054987431	-2.29371756315	-2.26963251829	-2.29610875249	
13/08/2015	09:00:31	0.432351263701	10.0704751915	0.430007625734	0.430593314304	0.431201949673	0.430595570414	0.430489817035	0.43024195242	-2.27872222662	24.1515398026	-2.29507178068	-2.29248657823	-2.29087203741	-2.29385584593	-2.2696685791	-2.29616478086	
13/08/2015	09:00:39	0.433070626371	10.0704279631	0.430788571815	0.43134979482	0.43197070087	0.431393300773	0.431301999216	0.43100806737	-2.27583065629	24.1488599777	-2.29222118855	-2.28965625167	-2.28804171085	-2.29109704494	-2.26648077369	-2.29321226478	
13/08/2015	09:00:48	0.432403592342	10.0704298166	0.430078067133	0.430679761822	0.431269760844	0.430709228089	0.430511023055	0.430371211873	-2.27900743484	24.1462469101	-2.29573518038	-2.29306817055	-2.29141265154	-2.2945702076	-2.2703114152	-2.29671612382	
13/08/2015	09:00:56	0.43252164562	10.0703965481	0.43015550479	0.430721284777	0.43135854418	0.430708788346	0.43058692551	0.430397869757	-2.27956369519	24.1441726685	-2.29547396302	-2.29301124811	-2.29139685631	-2.29428857565	-2.27060213685	-2.29653671384	
13/08/2015	09:01:05	0.43251844761	10.0703616079	0.430192292685	0.430704284781	0.431355826918	0.430781880179	0.430590622241	0.430418028004	-2.28002741933	24.1422605515	-2.29617267847	-2.293587327	-2.29196354747	-2.29483485222	-2.27074980736	-2.29714423418	
13/08/2015	09:03:05	0.431751553906	10.0701868881	0.42938331963	0.429974001011	0.430616323776	0.430026703953	0.4298463578	0.429658851334	-2.27577626705	24.1226530075	-2.29212582111	-2.28973463178	-2.28788509965	-2.29095071554	-2.26699858904	-2.29328051209	
13/08/2015	09:03:14	0.431780383758	10.0701926277	0.429429505042	0.429979403625	0.430612337325	0.430014213164	0.429815789042	0.429633688034	-2.27838382125	24.1200470924	-2.294498384	-2.29213789105	-2.29047223926	-2.29346632957	-2.2691565752	-2.29571431875	
13/08/2015	09:06:28	0.663787491761	10.069523037	0.661629587429	0.662513532161	0.66327009114	0.6624440998	10.0695452624	3.40201200142	-3.42151582241	24.0909647942	-3.43469709158	-3.42972069979	-3.42769771814	-3.4316521883	24.0940117836	24.1738033295	
13/08/2015	09:06:35	0.663767409923	10.0696712771	0.661569628788	0.662410481042	0.663237841576	0.662372557059	10.0697400945	3.40360695995	-3.42448174953	24.0941762924	-3.4374794364	-3.4328609705	-3.43067407608	-3.43455702066	24.1036081314	24.1777014732	
13/08/2015	09:06:42	0.664136180025	10.0697245	0.661903948414	0.662802921074	0.663549318919	0.662775695577	10.0698189817	3.40506480484	-3.42655301094	24.0937662125	-3.43961209059	-3.43475848436	-3.43274533749	-3.4365567565	24.1067147255	24.1783237457	
13/08/2015	09:13:53	0.669126341165	3.41816314535	0.667001565026	10.0697763059	0.668634359597	0.667797797503	10.0699349569	0.667248377743	-3.4502980113	24.1128969193	-3.46352100372	24.0356135368	-3.45623493195	-3.46050649881	24.0574097633	-3.46298962831	
13/08/2015	09:14:00	0.669464877313	3.41810977328	0.667364956489	10.069867424	0.669010931199	0.668214047061	10.0700297175	0.667647173541	-3.44968467951	24.112496376	-3.46296876669	24.0351724625	-3.45584630966	-3.45988273621	24.057469368	-3.46254974604	
13/08/2015	09:14:07	0.669565096026	3.41814253758	0.667403535181	10.0698052065	0.669029695303	0.668276610967	10.0699699586	0.667669987736	-3.44948530197	24.1112351418	-3.46272885799	24.034216404	-3.45534056425	-3.45953017473	24.0568518639	-3.46225321293	
13/08/2015	09:18:33	0.670045780794	3.41931664846	0.667931582111	10.0698642412	0.669502939869	0.668724018127	10.0700423627	0.668189972052	-3.45478743315	24.0873026848	-3.46807181835	24.0235996246	-3.46077561378	-3.46472024918	24.0480828285	-3.46740752459	
13/08/2015	09:18:40	0.670013617499	3.41853883332	0.6678349316	10.0698917844	0.669463535252	0.66865771121	10.0700730275	0.668119939164	-3.45470041037	24.0861201286	-3.4681686759	24.0233254433	-3.46086233854	-3.46476584673	24.0482378006	-3.46751481295	
13/08/2015	09:18:47	0.670093862258	3.41874787637	0.667958090246	10.0698779938	0.669571609523	0.668819412301	10.0700646676	0.668231036277	-3.45410615206	24.0858435631	-3.46756398678	24.0231323242	-3.46049278975	-3.46446782351	24.0487909317	-3.46731871367	
13/08/2015	09:18:54	0.670666909601	3.41935594229	0.668497744187	10.0698715656	0.670165880479	0.669310654427	10.0700537078	0.668718045988	-3.45219492912	24.0847468376	-3.46554040909	24.0229034424	-3.4583568573	-3.4621989727	24.0479397774	-3.46502959728	
13/08/2015	09:19:01	0.670030233204	3.41899810623	0.667889472194	10.069912016	0.669530703836	0.668674062861	10.0700986176	0.668116745534	-3.45505923033	24.0844202042	-3.46835404634	24.0228319168	-3.46149712801	-3.46545159817	24.0484809875	-3.46799612045	
13/08/2015	09:19:07	0.67009994527	3.41934447451	0.667936901104	10.0698609115	0.669595861974	0.66878180716	10.0700467675	0.668212582784	-3.45498085022	24.0838646889	-3.46831649542	24.0228796005	-3.46132695675	-3.46522033215	24.0484261513	-3.46782594919	
13/08/2015	09:19:14	0.670520420873	3.41976156328	0.668304244648	10.0698995757	0.669909469128	0.669123742177	10.0700914674	0.66858057833	-3.45458716154	24.0836524963	-3.46793293953	24.0224313736	-3.46085131168	-3.46506148577	24.048807621	-3.4671869874	
13/08/2015	09:19:21	0.670703798548	3.41955385096	0.66859424064	10.0699212313	0.670247616928	0.669366817793	10.0701094628	0.66883940895	-3.45209538937	24.0830397606	-3.46549242735	24.0226578712	-3.45860481262	-3.46264123917	24.0485310555	-3.46503257751	
13/08/2015	09:19:28	0.670096263751	3.41833907519	0.6679870538	10.0699001626	0.669585748199	0.668758630591	10.070091443	0.668231009099	-3.45516175032	24.0823507309	-3.46824169159	24.021987915	-3.46107840538	-3.46481859684	24.0482807159	-3.46755713224	
13/08/2015	09:19:35	0.67055042606	3.41905579396	0.66839494024	10.0699191511	0.670028879452	0.669234917857	10.0701120661	0.668721073944	-3.45380783081	24.0819764137	-3.46703082323	24.022371769	-3.45994919538	-3.46414923668	24.0488886833	-3.46677541733	
13/08/2015	09:19:42	0.670175594484	3.41857731973	0.667969512782	10.0698842938	0.669591891913	0.668788818273	10.0700477394	0.668244622618	-3.45494091511	24.0813446045	-3.46827626228	24.0219020844	-3.46118837595	-3.46521437168	24.0485596657	-3.4679120779	
13/08/2015	09:19:49	0.67020889386	3.41928060372	0.668104187291	10.0699313618	0.669707987909	0.668887301694	10.070127257	0.668331684123	-3.45507264137	24.0808796883	-3.46822410822	24.0218234062	-3.46125513315	-3.46542418003	24.0487504005	-3.46790760756	
13/08/2015	09:19:56	0.670188887565	3.41967142354	0.668029908615	10.0698954471	0.669683705338	0.668815097001	10.070092309	0.668300324749	-3.45569133759	24.0803670883	-3.46902698278	24.0212082863	-3.46183300018	-3.46585929394	24.048268795	-3.46870005131	
13/08/2015	09:20:02	0.670289106082	3.41983063109	0.668094338701	10.069997587	0.669731018104	0.668928654681	10.0701999489	0.668360364884	-3.45529258251	24.0800046921	-3.46883267164	24.0211033821	-3.46187353134	-3.46565455198	24.0489196777	-3.46844434738	
13/08/2015	09:20:09	0.670223162747	3.41924451341	0.668057925286	10.0698571752	0.669707172526	0.668924626445	10.0700661429	0.668347060184	-3.45536142588	24.0790557861	-3.46866607666	24.0202689171	-3.46176832914	-3.4658151865	24.0489935875	-3.46839010715	
13/08/2015	09:20:16	0.670245121889	3.41962878867	0.668081368192	10.0699207519	0.669713097397	0.668901133251	10.0701308443	0.66833866052	-3.45582574606	24.0784239769	-3.4690284729	24.0199708939	-3.46192628145	-3.46581965685	24.0488505363	-3.46854805946	
13/08/2015	09:20:23	0.670204996478	3.41938863637	0.668077354185	10.0698813751	0.669698987812	0.668933074971	10.070090426	0.668351612325	-3.45588952303	24.0779924393	-3.46895933151	24.0199279785	-3.46187770367	-3.46596509218	24.0486645699	-3.46858114004	
13/08/2015	09:20:30	0.670195079038	3.41884698722	0.668082640746	10.0698318794	0.669721180473	0.668884022086	10.0700452993	0.668362109573	-3.45563292503	24.0771150589	-3.46886605024	24.0194106102	-3.46188664436	-3.46565723419	24.0487480164	-3.46831411123	
13/08/2015	09:20:37	0.670311153078	3.41950277199	0.668150033952	10.0699326159	0.66980827502	0.669001141068	10.0701478905	0.668462543225	-3.45572888851	24.0767455101	-3.46904397011	24.0192437172	-3.46192151308	-3.46595793962	24.0488362312	-3.46855342388	
13/08/2015	09:20:44	0.670602794765	3.41954774545	0.668441020503	10.0698571876	0.670084213285	0.669277908607	10.0700738658	0.668720756788	-3.45538586378	24.0759682655	-3.46895635128	24.0189599991	-3.46132308245	-3.46550256014	24.0487456322	-3.46807777882	
13/08/2015	09:20:50	0.670617527194	3.4193494129	0.66855074305	10.0698609641	0.670136601988	0.669405971478	10.0700769828	0.66879679307	-3.4548407793	24.0756583214	-3.46780836582	24.0189552307	-3.46092104912	-3.46472233534	24.0486502647	-3.46751213074	
13/08/2015	09:20:57	0.670314618833	3.41922288059	0.668156247633	10.0699306573	0.669726670125	0.668949225391	10.0701463806	0.668400917847	-3.45588475466	24.0755462646	-3.46933275461	24.0189743042	-3.46224069595	-3.46609324217	24.0486288071	-3.4687808156	
13/08/2015	09:21:04	0.670315911063	3.41909288926	0.668111820302	10.0698838516	0.669766322121	0.66897691554	10.0700923802	0.668411201445	-3.45618009567	24.0752339363	-3.46949517727	24.0197443962	-3.46205592155	-3.46595942974	24.048409462	-3.46846312284	
13/08/2015	09:21:11	0.67031600222	3.41976856543	0.66816514887	10.0699392349	0.669837387828	0.669022242742	10.0701514066	0.668499228343	-3.45603078604	24.0752506256	-3.46935629845	24.0196299553	-3.46216231585	-3.46622943878	24.0487957001	-3.46868187189	
13/08/2015	09:21:18	0.670085712484	3.41921499904	0.667927126341	10.0699133701	0.669622577625	0.668783886085	10.070128439	0.668234695003	-3.45765769482	24.0752243996	-3.47068667412	24.0194797516	-3.46362560987	-3.46749842167	24.0490436554	-3.47003281116	
13/08/2015	09:21:25	0.670628909962	3.41908785895	0.668522946139	10.0698913002	0.670078272646	0.669348470161	10.0701032462	0.66876596814	-3.45501482487	24.0749645233	-3.46830964088	24.0195894241	-3.46108466387	-3.46503943205	24.0487241745	-3.46783936024	
13/08/2015	09:21:32	0.670345834269	3.41985051597	0.668195913213	10.0698982487	0.669815841115	0.668969079782	10.0701066929	0.66847142432	-3.45630556345	24.0751719475	-3.46941620111	24.0200209618	-3.46240609884	-3.46629947424	24.0486741066	-3.46870601177	
13/08/2015	09:21:39	0.670622212444	3.41918304565	0.668523052544	10.0698599995	0.670117518512	0.669320974151	10.0700644211	0.668740341057	-3.45511227846	24.0746879578	-3.46814125776	24.0203952789	-3.46095740795	-3.46506536007	24.0484952927	-3.46782445908	
13/08/2015	09:21:46	0.670329927015	3.41942003006	0.668220837458	10.0699239396	0.669841866512	0.669067881295	10.0701329044	0.668504807246	-3.45569044352	24.0750050545	-3.4687808156	24.0200161934	-3.461586833	-3.46570491791	24.0487408638	-3.46831083298	
13/08/2015	09:21:52	0.67029951961	3.41885537144	0.668172327357	10.0698835244	0.669763665056	0.668939737056	10.0700894541	0.668470350721	-3.45575213432	24.0750169754	-3.46928179264	24.0202236176	-3.46227169037	-3.46622645855	24.0485310555	-3.46875041723	
13/08/2015	09:21:59	0.670319462449	3.41907676727	0.668186330432	10.069909302	0.669814718357	0.669013788358	10.0701182689	0.668444013703	-3.45562040806	24.0745234489	-3.46881270409	24.0202307701	-3.461843431	-3.46589028835	24.0489554405	-3.46839368343	
13/08/2015	09:22:06	0.670678418898	3.41907714062	0.668560654972	10.0699371255	0.670185749727	0.669319669022	10.0701444647	0.668772395983	-3.45508635044	24.074485302	-3.46847295761	24.0206503868	-3.46126884222	-3.46537679434	24.0491509438	-3.46788018942	
13/08/2015	09:22:13	0.670705091086	3.4192566631	0.668550439173	10.0699273895	0.670153908275	0.669405340732	10.0701352492	0.668830179787	-3.45510691404	24.0744233131	-3.46809506416	24.0206217766	-3.46106439829	-3.46533596516	24.0491938591	-3.46760451794	
13/08/2015	09:22:20	0.670316121299	3.41900258913	0.668152755346	10.0699218812	0.669812644027	0.668983329022	10.0701338907	0.668445999415	-3.4560418129	24.0739798546	-3.46931606531	24.020781517	-3.46211194992	-3.46583157778	24.04992342	-3.46866220236	
13/08/2015	09:22:27	0.670339904366	3.41901172931	0.668215885103	10.069961503	0.669842628081	0.66901336938	10.0701743511	0.668469120221	-3.45605790615	24.0741229057	-3.46903562546	24.0213823318	-3.46213787794	-3.46586793661	24.0506386757	-3.46855551004	
13/08/2015	09:22:34	0.670286392737	3.41932326939	0.668172701588	10.0699079705	0.669779731686	0.669029239114	10.0701228965	0.668458424048	-3.45599681139	24.0744400024	-3.46937328577	24.0208339691	-3.46224039793	-3.46615433693	24.0503764153	-3.46885204315	
13/08/2015	09:22:41	0.670319474479	3.41912666409	0.668189091389	10.0699699222	0.669803859492	0.668997442558	10.0701805483	0.668487606538	-3.45588862896	24.0746426582	-3.46921384335	24.0213608742	-3.46199929714	-3.46616864204	24.0503120422	-3.4687846899	
13/08/2015	09:22:47	0.670381151612	3.4195587389	0.668194619904	10.0699859315	0.669834967818	0.669025473867	10.0701976558	0.66851436921	-3.45596969128	24.0750670433	-3.46912115812	24.021859169	-3.46210092306	-3.46607595682	24.0509605408	-3.46845686436	
13/08/2015	09:22:54	0.670373828346	3.41946024222	0.668250575519	10.069978639	0.669792754105	0.66957316423	10.0701941397	0.669006353442	-3.45529705286	24.0754795074	-3.46841812134	24.0220355988	-3.4595066309	-3.46359401941	24.0510010719	-3.46627146006	
13/08/2015	09:23:01	0.67029644062	3.41957714373	0.668184609594	10.0699445797	0.669811562876	0.668976110454	10.0701577271	0.668444378337	-3.45614463091	24.0753936768	-3.46950054169	24.0218067169	-3.4622657299	-3.46636354923	24.0511035919	-3.46909195185	
13/08/2015	09:23:12	0.670318193734	3.42007234806	0.668183040629	10.0699319876	0.669777939455	0.668999128025	10.0701423281	0.668450930415	-3.4563601017	24.0756058693	-3.46955269575	24.0223026276	-3.4624505043	-3.46642583609	24.0512132645	-3.4691336751	
13/08/2015	09:23:19	0.670333470425	3.41973774149	0.668221257305	10.0700306166	0.669801117364	0.66903114272	10.0702383459	0.668493207604	-3.45601588488	24.0757989883	-3.46929013729	24.0234184265	-3.46205532551	-3.46615314484	24.0519690514	-3.46887141466	
13/08/2015	09:23:43	5.32007742917	6.73291167294	5.31901736372	10.0472497055	5.31985005708	5.31941826342	10.0474273893	5.3191697942	-3.45581412315	24.0746831894	-3.46915990114	24.0243864059	-3.46193045378	-3.46580326557	24.0525484085	-3.46851140261	
13/08/2015	09:23:50	5.32006445356	6.73289013347	5.31900599961	10.0472730743	5.31979265378	5.3194251785	10.0474775788	5.31917693269	-3.4560123086	24.0743255615	-3.46927642822	24.024875164	-3.46205174923	-3.46612900496	24.0526199341	-3.46887797117	
13/08/2015	09:23:57	5.3200401085	6.73277626828	5.31902471222	10.0472783239	5.31980911372	5.31941250885	10.0474809522	5.31915319478	-3.45557153225	24.0743851662	-3.46912175417	24.0254569054	-3.4620603919	-3.46592307091	24.0529465675	-3.46854925156	
13/08/2015	09:24:04	5.32003289451	6.73275334571	5.31898936572	10.0472481812	5.3197861103	5.31941287828	10.0474518513	5.31912394161	-3.45579534769	24.0738987923	-3.46913069487	24.0258812904	-3.46204906702	-3.46583008766	24.0535116196	-3.46872210503	
13/08/2015	09:30:31	5.30624228344	6.64450447101	5.30510812672	9.9756846676	5.30592482333	5.30551452068	9.9756839044	5.30525086006	-0.286280639648	5.21987389755	-0.288921185017	5.21301078033	-0.287498720169	-0.288244731903	5.21807145309	-0.28880060482	
13/08/2015	09:30:38	5.3063500798	6.64482088086	5.3052181036	9.97568078411	5.30604919511	5.30562248512	9.97568001044	5.30535453697	-0.285980053425	5.21982621384	-0.288639016628	5.21307753754	-0.287179775715	-0.287985034466	5.21820925903	-0.288497992039	
13/08/2015	09:30:45	5.30602803952	6.64479979578	5.30494900596	9.9757262722	5.30576571802	5.30538165257	9.97572550958	5.30506491115	-0.286435730934	5.21993970108	-0.289125330925	5.21323394012	-0.287706919193	-0.288546927452	5.21829413605	-0.289041526794	
13/08/2015	09:30:51	5.30621182046	6.64478192535	5.30507755387	9.9756991484	5.30592863299	5.30550499977	9.97569839757	5.30521326047	-0.286361046314	5.21983575058	-0.288968928337	5.21330212784	-0.28759754467	-0.288382359028	5.2182845993	-0.288917847157	
13/08/2015	09:30:58	5.30600632703	6.6446434965	5.3049158237	9.97570252534	5.30576973288	5.30532960852	9.9757017722	5.30503041695	-0.28648263979	5.21990441513	-0.289143629551	5.21338271332	-0.287686415195	-0.288505979061	5.21838187408	-0.288984246731	
13/08/2015	09:31:05	5.3060103517	6.64421974929	5.30488980546	9.97571170826	5.30572629514	5.30532945196	9.97571094254	5.30504291466	-0.286374755383	5.21992778015	-0.289052136421	5.21349000168	-0.287650056362	-0.288396068096	5.21857499313	-0.288931556225	
13/08/2015	09:31:12	5.30593129509	6.64445693913	5.30479099125	9.97570927533	5.30564832858	5.3052247593	9.97570852476	5.30495874361	-0.286658533096	5.22001170349	-0.289325662136	5.21356963348	-0.287952251911	-0.288765676498	5.21855448914	-0.28924191761	
13/08/2015	09:31:19	5.30623603048	6.64455236218	5.30511738038	9.97569859845	5.30595917676	5.30553852637	9.97569786601	5.30528098062	-0.286156721592	5.21995686722	-0.288785048008	5.21373557281	-0.287423856735	-0.288178034306	5.21860169601	-0.288699157715	
13/08/2015	09:31:26	5.3060078292	6.64459119831	5.30489045333	9.97568115371	5.30573600631	5.30531457643	9.97568041109	5.30502602041	-0.286398299217	5.21991061401	-0.289092011929	5.21383237076	-0.28761435318	-0.288452275276	5.21876811218	-0.289008207798	
13/08/2015	09:31:33	5.30593546628	6.6447632234	5.30482938379	9.97568500089	5.30566784207	5.30523067514	9.97568426571	5.30499192912	-0.286648579121	5.22000931931	-0.289309568882	5.21400498581	-0.287880964756	-0.288653500557	5.21889352036	-0.289215572357	
13/08/2015	09:31:39	5.30598715746	6.64438855734	5.3048811506	9.97569032097	5.30571112867	5.30528759392	9.97568956602	5.30503012252	-0.28633148241	5.21991490555	-0.289014943123	5.21404313278	-0.287529118538	-0.288352795124	5.2190647049	-0.288896389484	
13/08/2015	09:31:46	5.30598218322	6.6444729019	5.30488021103	9.97569176242	5.30570735425	5.30529511367	9.97569102408	5.30500452101	-0.286390669823	5.21992873383	-0.28904146719	5.21411608887	-0.287639446735	-0.288430400372	5.2190275116	-0.288992412567	
13/08/2015	09:31:53	5.30598115471	6.64424738756	5.3048854348	9.97570046525	5.30571152901	5.30530641111	9.97569971464	5.30503236069	-0.28629130888	5.21992110443	-0.288966484547	5.21419667435	-0.287558324814	-0.288308389664	5.21919154358	-0.288860209465	
13/08/2015	09:32:00	5.30600058598	6.64469936979	5.304911001	9.97566704788	5.30574230176	5.30531446556	9.97566630959	5.30504130661	-0.286294825554	5.22003649902	-0.288923092365	5.21426104736	-0.287525184631	-0.288301833153	5.21917437744	-0.288812764168	
13/08/2015	09:32:07	5.3059811617	6.64448755652	5.3048864861	9.97569124078	5.30571777338	5.3053190032	9.97569049753	5.30501584539	-0.286293395042	5.22010850143	-0.288946218967	5.21436356735	-0.287544198513	-0.288329012871	5.21931170654	-0.288860388279	
13/08/2015	09:32:14	5.30617356721	6.64455152977	5.30507563226	9.97568880356	5.30589861561	5.3055124457	9.97568807093	5.30521529122	-0.286093361855	5.22012900543	-0.288711436272	5.21447180939	-0.287305362701	-0.288131006241	5.21935033035	-0.288603134632	
13/08/2015	09:32:21	5.3060148679	6.64485471679	5.30488479683	9.97570475357	5.30570669883	5.30528423368	9.97570402838	5.30501214014	-0.286377497196	5.22016572189	-0.289001770496	5.21465396118	-0.287579246044	-0.288415201187	5.21948527527	-0.28892815876	
13/08/2015	09:32:28	5.30598096174	6.64478740856	5.30488418515	9.97566213867	5.30569369063	5.30530010949	9.97566140473	5.30502498943	-0.286278851509	5.22020529938	-0.288927562714	5.21470736694	-0.287533708096	-0.288314469337	5.21959828568	-0.288854010582	
13/08/2015	09:32:34	5.30617581673	6.64532230257	5.30508320823	9.97570085974	5.30589891095	5.30548977335	9.97570012662	5.30520003199	-0.286187000751	5.22022389603	-0.288841910839	5.21478938293	-0.287429638386	-0.288216479301	5.21967601013	-0.288725383759	
13/08/2015	09:32:41	5.30594780575	6.64439725616	5.30484372087	9.97568872001	5.30568840379	5.30527817466	9.97568801205	5.30500223566	-0.286268718719	5.22017668915	-0.288903124809	5.21502446365	-0.287472494125	-0.288240917206	5.21974562836	-0.288852043629	
13/08/2015	09:32:48	5.30595533269	6.64500005502	5.30484915415	9.9756829084	5.30569199905	5.30526709324	9.97568220686	5.30499926427	-0.286366589546	5.22010373306	-0.288998969078	5.21503495407	-0.287633724689	-0.28835517931	5.21971320343	-0.28891313839	
13/08/2015	09:32:55	5.30599338745	6.64501339714	5.30487809132	9.97568677808	5.30573214516	5.30530111779	9.97568605622	5.30501556764	-0.286295004368	5.22005223465	-0.288986630917	5.21505927277	-0.28757239151	-0.288326509476	5.21987437439	-0.288849719048	
13/08/2015	09:33:02	5.30594278498	6.64493751058	5.30483025165	9.97570369971	5.30570697232	5.30527338414	9.97570300708	5.30500627135	-0.286350138664	5.21997403336	-0.28894574213	5.21521996689	-0.287480302334	-0.288400061607	5.21984099579	-0.288855798721	
13/08/2015	09:33:09	5.3060043744	6.64527452899	5.30488687516	9.97567514428	5.3057066628	5.30530785822	9.97567443603	5.30502544433	-0.286369271755	5.21993445587	-0.289026208401	5.21515034866	-0.287595577717	-0.288370140076	5.21987532806	-0.288899488926	
13/08/2015	09:33:16	5.30597137237	6.64498730727	5.3048746644	9.97569304484	5.30570590368	5.30528328382	9.97569232976	5.30500606974	-0.28631479311	5.22000884247	-0.288984008312	5.21524094772	-0.287567623138	-0.28834838438	5.220013134	-0.288885899067	
13/08/2015	09:33:23	5.30615906891	6.6447571479	5.30506646949	9.97569111198	5.30588632054	5.30546669413	9.97569036919	5.30520314287	-0.286018319607	5.22002648544	-0.288667090416	5.21521567535	-0.287265010357	-0.288008995533	5.22017382812	-0.2885975914	
13/08/2015	09:33:29	5.30597233129	6.64480229897	5.30486211848	9.9757065881	5.30568822668	5.30526876032	9.97570586506	5.30500909237	-0.286194689751	5.22010611725	-0.288859851837	5.21533011627	-0.28745574522	-0.288256891251	5.22015713882	-0.28876788187	
13/08/2015	09:33:36	5.306115273	6.64464075903	5.30501434785	9.97572060604	5.30585082643	5.30541472334	9.97571988781	5.30514784398	-0.286163933754	5.22019337845	-0.288810678005	5.21548222733	-0.287414737225	-0.288197525024	5.22027920914	-0.288722761154	
13/08/2015	09:33:43	5.30595320489	6.64416149772	5.30482537695	9.97569736717	5.30567650073	5.30525466245	9.97569665261	5.30498169784	-0.286191888332	5.22031163406	-0.288863130093	5.21547412109	-0.287504024982	-0.288211174488	5.22024630737	-0.288771160126	
13/08/2015	09:33:50	5.30593961014	6.6446183641	5.3048284025	9.97572928807	5.30566789645	5.30527968618	9.9757285898	5.3049618375	-0.286224074841	5.22037314606	-0.288899429321	5.21570109558	-0.287472851753	-0.288312860012	5.22036694717	-0.28879315424	
13/08/2015	09:33:57	5.30620542914	6.64464171419	5.30511389649	9.97570361183	5.30595760934	5.30550483851	9.97570290713	5.30524504812	-0.285717137337	5.22043179703	-0.288386292934	5.2158026619	-0.286974020481	-0.287738390446	5.22051333618	-0.288212605	
13/08/2015	09:34:04	5.30591177715	6.64467804896	5.304833666	9.97566679599	5.30565655342	5.30523199658	9.97566611912	5.30495462465	-0.286240823746	5.22043370438	-0.288881428719	5.21592902374	-0.287454851151	-0.288280554295	5.22045420837	-0.288771040916	
13/08/2015	09:34:11	5.30593846379	6.64462503722	5.30481347066	9.97571326237	5.30565938081	5.30522639901	9.97571258179	5.30495851489	-0.286234028816	5.22057580185	-0.288821526051	5.21602057648	-0.287450082779	-0.288234956741	5.22057198715	-0.288776524544	
13/08/2015	09:34:17	5.30610259103	6.64459037048	5.30499538614	9.97569871707	5.30583699941	5.30541236158	9.97569805433	5.30515160787	-0.285999007702	5.2205982132	-0.288631446838	5.21615504456	-0.287215061665	-0.2880162673	5.22058819962	-0.288519032478	
13/08/2015	09:34:40	5.32207448132	6.7297967712	5.32103994092	10.0447293841	5.32183978057	5.3214243308	10.0448910319	5.32116485513	-3.85999820244	23.6930868835	-3.87333279778	23.6719290393	-3.86624618446	-3.87024459473	23.6942225549	-3.8729799881	
13/08/2015	09:34:47	5.32205011923	6.72955548098	5.32101038399	10.0447490919	5.32178816886	5.32141007592	10.0449071799	5.32116798266	-3.86022485954	23.6930582532	-3.87355975311	23.6727187604	-3.86642184372	-3.87024638412	23.694520788	-3.87312492935	
13/08/2015	09:34:54	5.32209701217	6.73041896888	5.32104350416	10.0447592475	5.32184184719	5.32146325196	10.044919052	5.32119313521	-3.86056603813	23.6933708014	-3.8740336454	23.6731219714	-3.86668100822	-3.87078171242	23.6951601996	-3.87337932213	
13/08/2015	09:35:01	5.32207838132	6.73028561605	5.32103659942	10.0447552823	5.32183070989	5.32145249789	10.0449118187	5.32118117547	-3.86065342041	23.6936976648	-3.87363043434	23.6735728998	-3.86662553688	-3.87061380722	23.6951601996	-3.8731804007	
13/08/2015	09:39:09	5.32187531428	6.72964480517	5.32081066088	10.0449641009	5.32160789629	5.32124773937	10.0450680661	5.32096730943	-3.85857175385	23.7040332288	-3.87172263763	23.6926621997	-3.86471774017	-3.86860371658	23.7069893146	-3.87121146622	
13/08/2015	09:39:16	5.32183789069	6.72972991828	5.32081919433	10.0449257699	5.32161181718	5.3211928971	10.0450247677	5.32093279001	-3.85846468819	23.7042575	-3.87167700798	23.6932944537	-3.86477440445	-3.86871137871	23.7069368256	-3.87124755241	
13/08/2015	09:39:23	5.3218640778	6.72994059925	5.32081962639	10.044929694	5.32161824454	5.32121318745	10.0450288496	5.32094526729	-3.85864154037	23.7042670435	-3.87188427994	23.6937024365	-3.8647568087	-3.86858134911	23.7073662811	-3.87119923866	
13/08/2015	09:39:30	5.32186642215	6.72999094171	5.32082422551	10.0449301609	5.3216222601	5.32125370365	10.0450289379	5.32095465589	-3.85823773285	23.7051736719	-3.87186936829	23.6942320984	-3.86446573326	-3.86833113159	23.707843454	-3.87093888123	
13/08/2015	09:39:37	5.32187581845	6.73004506998	5.32084060927	10.04494754	5.32164536625	5.32123889412	10.0450408831	5.32096562932	-3.85785152107	23.7055387091	-3.87125799057	23.6952317755	-3.86412008118	-3.86824136345	23.7080939697	-3.870828535	
13/08/2015	09:39:44	5.32185481186	6.73010153331	5.32081605038	10.0449283478	5.32161508168	5.32122508294	10.0450283929	5.32094509779	-3.85811008911	23.7056699316	-3.87161885254	23.6950456781	-3.86438908737	-3.86848949333	23.7088312018	-3.87081093925	
13/08/2015	09:39:51	5.32203872676	6.7302847937	5.32099974012	10.0449415579	5.32178734261	5.32137796789	10.0450405488	5.32112945828	-3.85791116768	23.7064572668	-3.87083718376	23.6955371661	-3.86396529823	-3.86775912064	23.7091771521	-3.87032571411	
13/08/2015	09:39:57	5.32180848786	6.72991541686	5.32077381074	10.0449230578	5.32157871285	5.32117042546	10.0450149338	5.32091692022	-3.85819061203	23.7064095496	-3.87150492752	23.6963769904	-3.86439773613	-3.86820199669	23.7090363861	-3.87098331795	
13/08/2015	09:40:04	5.32186975488	6.72999271085	5.3208122224	10.0449738072	5.32161804036	5.32120986474	10.045066206	5.32097055039	-3.85737792702	23.7070799774	-3.87069224251	23.6971905701	-3.86355433311	-3.86756318153	23.7099215417	-3.86992548538	
13/08/2015	09:40:11	5.32180749595	6.7300379778	5.32078741237	10.0449599465	5.32156976528	5.3211649944	10.0450541299	5.32092333004	-3.85806475769	23.7071634827	-3.87139965126	23.6972740753	-3.86414930801	-3.86820885605	23.710250791	-3.87070417183	
13/08/2015	09:40:18	5.32198123245	6.72995104973	5.32093233906	10.044984298	5.32173362679	5.32132099609	10.0450726323	5.32106658516	-3.85747067749	23.7079627472	-3.8706624192	23.6986364038	-3.86382095345	-3.86741048622	23.7108066974	-3.86985450592	
13/08/2015	09:40:25	5.32206688289	6.72971251233	5.32103183756	10.044999017	5.32184353201	5.32143082967	10.0450892753	5.32117802888	-3.85529864632	23.7083158551	-3.8681939444	23.6989370227	-3.86136291679	-3.86529989105	23.7113721472	-3.86784620468	
13/08/2015	09:40:32	5.32181617079	6.72985475897	5.32075547361	10.0449961786	5.32158402115	5.32117537615	10.0450868203	5.32092075762	-3.85775847237	23.7083420996	-3.87087863815	23.699476228	-3.86373058884	-3.86765742317	23.7119638416	-3.87024459473	
13/08/2015	09:40:39	5.32178178571	6.72994995489	5.32075091896	10.0449864879	5.32154152191	5.32114727262	10.0450720045	5.32088518978	-3.85777576988	23.7082705237	-3.87122309731	23.7000679224	-3.86414662392	-3.86786916862	23.7118493201	-3.87078350182	
13/08/2015	09:40:46	5.32197803482	6.72997119693	5.3209699763	10.0450066801	5.32173589006	5.32135114624	10.0450956813	5.32107875823	-3.85624046623	23.7088025714	-3.86968809189	23.700724035	-3.86245802849	-3.86639500275	23.7129849915	-3.86913576431	
13/08/2015	09:40:52	5.32175478688	6.72967295063	5.32072099006	10.0449632318	5.32152633125	5.32113061621	10.04505253	5.32086495021	-3.85779515503	23.7085592133	-3.87090518089	23.7012489252	-3.86405357521	-3.86752023598	23.7135504413	-3.87052672318	
13/08/2015	09:40:59	5.32176953918	6.7296258833	5.32072492989	10.0450226675	5.32153066152	5.3211624796	10.0451084178	5.32087214887	-3.8572938253	23.7094873145	-3.8705061451	23.7021961133	-3.86335809578	-3.8674689399	23.7140085272	-3.87015840538	
13/08/2015	09:41:06	5.32177794015	6.72977838534	5.32072742633	10.0450339016	5.32150910849	5.32112689305	10.0451186857	5.32088513164	-3.85724610802	23.7097783899	-3.87051986382	23.7032124915	-3.86333095657	-3.8671656369	23.714891297	-3.87000839417	
13/08/2015	09:41:13	5.32176213459	6.72999707098	5.32075097052	10.0450238428	5.32153491727	5.32112532907	10.0451055966	5.32087015039	-3.8573308062	23.7098905255	-3.87077843185	23.7036204742	-3.86326206474	-3.86738334702	23.7148817535	-3.87005223442	
13/08/2015	09:41:20	5.32173679161	6.7297523681	5.3207341676	10.0449819283	5.32151026762	5.32110476444	10.0450626968	5.32083710716	-3.85697918945	23.7101887585	-3.8704673748	23.7041572937	-3.86339090141	-3.86731773575	23.7152825787	-3.86980261337	
13/08/2015	09:41:27	5.32203967804	6.72989145054	5.32099451416	10.0450222866	5.32178636059	5.32140214456	10.04510195	5.32112558505	-3.85442571823	23.7106110565	-3.8677298938	23.7051999164	-3.86086814819	-3.86471326668	23.7161725061	-3.86726972023	
13/08/2015	09:41:34	5.32178852324	6.73028813069	5.32074837766	10.0450438081	5.321550113	5.32113982151	10.0451224344	5.32091471775	-3.85721002182	23.7112337671	-3.8702994696	23.7059061322	-3.86335600815	-3.86735441841	23.7167355701	-3.86984973419	
13/08/2015	09:41:41	5.32170209396	6.72995472663	5.3206678127	10.045021501	5.32148840307	5.32110061002	10.0451039233	5.3208215868	-3.85703167847	23.7115606305	-3.8706018779	23.7062210663	-3.86351526459	-3.86727836899	23.7175730084	-3.86994755463	
13/08/2015	09:41:47	5.32174815928	6.73001504246	5.32070430165	10.0450671872	5.32149693618	5.32109028421	10.0451441901	5.32083378661	-3.85660997696	23.7121046075	-3.87013931847	23.7073996832	-3.86305240692	-3.86714297119	23.7180048499	-3.86958699089	
13/08/2015	09:41:54	5.32169274385	6.72945235449	5.32064950646	10.045063519	5.32144363999	5.32104905696	10.0451406794	5.32078386765	-3.85658582008	23.7125292914	-3.86985957588	23.7078243671	-3.86285467842	-3.86688380669	23.7184510065	-3.86925625046	
13/08/2015	09:42:01	5.32168843862	6.72970476368	5.32066144449	10.0450388703	5.32147002102	5.32104784065	10.0451154949	5.32076866553	-3.85688464958	23.7118803363	-3.87009696938	23.7081488446	-3.86326594177	-3.8669986264	23.7187015222	-3.86982080559	
13/08/2015	09:42:08	5.32187888811	6.72964924028	5.32086327186	10.0450434054	5.32165000918	5.32124077739	10.0451233071	5.3209766662	-3.85527568237	23.7119781567	-3.86867201195	23.7087071368	-3.86164683464	-3.86528736526	23.7197107428	-3.8680278286	
13/08/2015	09:42:15	5.32168302701	6.72967197582	5.3206658965	10.0450302337	5.32145019848	5.32107960656	10.0451085099	5.32079917206	-3.85658313599	23.7113960059	-3.8697134417	23.7096161511	-3.8624428186	-3.86649222672	23.7203954858	-3.86909997635	
13/08/2015	09:42:22	5.32168074681	6.72983197392	5.32064943008	10.0450553508	5.32143686758	5.32105286311	10.0451294712	5.32077929873	-3.85663890556	23.7122859332	-3.87000451714	23.7106182141	-3.86291760559	-3.86661957222	23.7208249414	-3.86933975571	
13/08/2015	09:42:29	5.32167686975	6.72978820385	5.3206366282	10.0450766258	5.32142209949	5.32102860565	10.0451555819	5.32081570918	-3.85650529716	23.7130088501	-3.86975877312	23.7107589801	-3.86269243965	-3.86654769806	23.7216313635	-3.86843074142	
13/08/2015	09:42:36	5.32165670463	6.72943203684	5.3206396019	10.0450849607	5.32142768731	5.3210268773	10.0451561222	5.32074870613	-3.85635618065	23.7132522083	-3.86948648636	23.711973385	-3.8625123069	-3.86654143517	23.7217721295	-3.86899559479	
13/08/2015	09:42:43	5.3218229521	6.72947079645	5.32079500423	10.0450483961	5.32158726532	5.32117708652	10.0451238556	5.32091741375	-3.8553824498	23.7133905884	-3.86861504944	23.7119185101	-3.86146700012	-3.86548598846	23.722308949	-3.8680937381	
13/08/2015	09:42:50	5.32165787581	6.72974292909	5.32064400509	10.0450840878	5.32143182503	5.32103131107	10.045156051	5.32075231582	-3.85632844498	23.7136816638	-3.86930545891	23.7133142407	-3.86246429138	-3.86636040771	23.723222735	-3.86885542526	
13/08/2015	09:42:56	5.32162707705	6.72967088581	5.32058780627	10.0450899001	5.32139586417	5.32098927171	10.0451595775	5.32072912775	-3.85653422577	23.7143139178	-3.86941908569	23.7139154785	-3.8623118943	-3.86622858871	23.7235090387	-3.86893863228	
13/08/2015	09:43:03	5.32183242401	6.72973810015	5.32078074536	10.0451142736	5.32159773094	5.32118920151	10.0451762062	5.32090908717	-3.85508332207	23.7146312378	-3.86833649979	23.7148149493	-3.86134174225	-3.86510514488	23.7233420282	-3.86776389236	
13/08/2015	09:43:10	5.32167545247	6.72975742055	5.32063202703	10.0450992672	5.32141853198	5.32101704573	10.0451653777	5.32078036264	-3.85531147034	23.715471062	-3.86855450813	23.7150726227	-3.86148817467	-3.86539443092	23.7241746948	-3.86821690834	
13/08/2015	09:43:17	5.32163189337	6.72976817834	5.32060823091	10.0451074706	5.32139057086	5.32099378585	10.0451768402	5.32075099526	-3.85590197174	23.7164015491	-3.86933886101	23.7152062311	-3.86190450798	-3.86572904839	23.7247568457	-3.86857210388	
13/08/2015	09:43:24	5.32161382482	6.72969077073	5.32059298986	10.0451011069	5.32138521908	5.32098285623	10.0451672902	5.32071974078	-3.85589749825	23.7165971899	-3.86892580826	23.7161892072	-3.8619516288	-3.86570459328	23.7253008228	-3.86861892647	
13/08/2015	09:43:31	5.3216040009	6.72975577693	5.32057151002	10.045133716	5.32135798303	5.32097083097	10.045200785	5.32070228746	-3.85618260902	23.7174059979	-3.86917006111	23.7167618146	-3.86209328949	-3.86596912598	23.7259951093	-3.86865859146	
13/08/2015	09:43:38	5.3216060665	6.72981157219	5.32056367355	10.0451053784	5.32135250001	5.32097300923	10.0451682198	5.3206807692	-3.8559413385	23.7179475891	-3.8691843763	23.7173749817	-3.86197489098	-3.86592200516	23.7260261255	-3.86845817886	
13/08/2015	09:43:44	5.32185815278	6.72963545123	5.32081124039	10.0451314362	5.32159581977	5.32121832145	10.0451920437	5.32094234414	-3.85309738831	23.7184486206	-3.86646299988	23.7181742462	-3.85923293648	-3.86317020897	23.7265176135	-3.86582895645	
13/08/2015	09:43:51	5.32155343128	6.7297537787	5.32054459313	10.0451169152	5.32134281442	5.3209516697	10.0451787199	5.3206811303	-3.85553663628	23.7187730981	-3.86903496155	23.7184987238	-3.86201992416	-3.86574217064	23.7270067157	-3.86844207428	
13/08/2015	09:43:58	5.32175669865	6.72971701372	5.32075419647	10.0451418846	5.321516626	5.32114077976	10.0452007095	5.32086979689	-3.85442482353	23.719970802	-3.86794372688	23.719214483	-3.86082639557	-3.86450778412	23.7273121063	-3.8671358136	
13/08/2015	09:44:05	5.32156089222	6.72969478817	5.32052336898	10.0451217672	5.32129800566	5.32093029231	10.0451840245	5.32063950177	-3.85550949707	23.7201783722	-3.86870123878	23.7191667657	-3.86191106911	-3.86574574944	23.7277367902	-3.86817098045	
13/08/2015	09:44:12	5.32157073466	6.72961933242	5.32054063806	10.045144719	5.32131507953	5.32093173958	10.0452060777	5.32065858198	-3.85518531776	23.7206507733	-3.86840777748	23.7202022308	-3.86121887024	-3.8652172805	23.7286481903	-3.86800903992	
13/08/2015	09:44:19	5.32174652219	6.72972392714	5.32068250898	10.0451430274	5.32150546722	5.32108870022	10.0452049245	5.32084720665	-3.85448447014	23.720867887	-3.86738990814	23.7205004639	-3.8601702829	-3.86448571487	23.7290203851	-3.8668378788	
13/08/2015	09:44:26	5.32155690505	6.72979772629	5.32049541746	10.0451534615	5.32129754718	5.32092880487	10.0452135575	5.32064254988	-3.85528790993	23.7212066797	-3.8684593718	23.7212066797	-3.86140317825	-3.86523785858	23.7294784711	-3.868091054	
13/08/2015	09:44:33	5.32171539845	6.72968229274	5.32069842275	10.0451548826	5.32150522327	5.32110641203	10.0452182559	5.32083184736	-3.85424230492	23.7219558411	-3.86740332863	23.7214023206	-3.86043928909	-3.86408995964	23.7301250403	-3.86663627327	
13/08/2015	09:44:40	5.32156673362	6.72976544253	5.3205184233	10.0451299358	5.32132569879	5.32090500857	10.0451927907	5.32067263524	-3.85453845032	23.7224019977	-3.86765831787	23.7219510693	-3.86059228264	-3.86422237511	23.7306022131	-3.86725958031	
13/08/2015	09:44:46	5.32151974107	6.72988446729	5.32049927644	10.0451614216	5.32129835125	5.32091043545	10.045219009	5.32063452044	-3.85517338844	23.7228600836	-3.86844714424	23.7231654742	-3.86140109062	-3.86514391518	23.7310913153	-3.86781310081	
13/08/2015	09:44:53	5.32179335168	6.72974308787	5.32077892057	10.0451858987	5.32147942916	5.32106995157	10.0452405928	5.32080575294	-3.85258919922	23.7235949298	-3.86692019112	23.7240124561	-3.85995615158	-3.86391370392	23.7315398578	-3.86646001755	
13/08/2015	09:45:00	5.32149727199	6.72944767343	5.32045328266	10.0452044322	5.32126971326	5.32087783202	10.0452577228	5.32059736208	-3.85494374901	23.7241746948	-3.8680946328	23.7244395258	-3.86118159111	-3.86495513367	23.7317736725	-3.86773675316	
13/08/2015	09:45:07	5.32169668725	6.72989523657	5.32063906553	10.0451746087	5.3214552675	5.32104578415	10.0452275191	5.32077175057	-3.85429986389	23.7243321619	-3.86760403946	23.7249143127	-3.86046613007	-3.8647920002	23.7321959705	-3.86724615982	
13/08/2015	09:45:14	5.32152955174	6.72984100425	5.3204533476	10.0451951686	5.32125104272	5.32089578057	10.0452477174	5.32061466905	-3.85490706635	23.7247663892	-3.86803737206	23.7259521637	-3.86111419044	-3.86494916901	23.7331837183	-3.86743404663	
13/08/2015	09:45:21	5.32149440784	6.73005961108	5.32045646871	10.0451693008	5.32127551928	5.32087394041	10.0452194576	5.32061478943	-3.85496611649	23.724558819	-3.86808628227	23.7263076575	-3.86090751495	-3.86497750114	23.7332099628	-3.86786141457	
13/08/2015	09:45:28	5.32147789821	6.72964343018	5.32044148121	10.0451662028	5.32123932809	5.32082397703	10.0452116795	5.32058276938	-3.85458944817	23.7245898352	-3.8677913298	23.7270759058	-3.86071485641	-3.86473384476	23.7333340277	-3.86749488617	
13/08/2015	09:45:35	5.3214791587	6.72993190895	5.32044817928	10.045215466	5.32126622886	5.32086844498	10.0452647414	5.32059408397	-3.85479403603	23.7252053882	-3.86786320396	23.7276174969	-3.86086844643	-3.86451911697	23.7343981232	-3.86728045662	
13/08/2015	09:45:41	5.32144237042	6.72888525669	5.32039742835	10.0452191065	5.32120076979	5.32082336548	10.0452701692	5.32053904474	-3.85400520966	23.7253055945	-3.86735024315	23.7281185284	-3.86032506584	-3.86391430038	23.7351448987	-3.86674691772	
13/08/2015	09:45:48	5.32165949304	6.72980233995	5.32060354764	10.0451951852	5.32140447656	5.32100948036	10.0452483125	5.32073649882	-3.85401087608	23.7259092181	-3.86705946594	23.7284764081	-3.86015686241	-3.86393040497	23.7357866962	-3.86656857437	
13/08/2015	09:45:55	5.39875949423	5.39854332215	5.39752762236	10.0451899771	5.39852012306	5.39806026363	10.0452429663	5.39775667445	-4.55789660172	-4.56478906532	-4.57542435349	23.72868875	-4.56689578346	-4.57169166885	23.7359799512	-4.5748105899	
13/08/2015	09:46:02	5.39876328583	5.39847245965	5.39753202511	10.0451699386	5.39853432908	5.39806009112	10.045223223	5.39777849999	-4.5578459021	-4.56588358055	-4.57530177971	23.7288509888	-4.56685522377	-4.57149781738	23.7361827496	-4.57449416466	
13/08/2015	09:46:09	5.39875581248	5.39844752	5.39752443995	10.0451846973	5.39850455615	5.39806838381	10.0452360583	5.39777148313	-4.5578819883	-4.56627754639	-4.57515385612	23.7295548187	-4.56679915596	-4.57157476151	23.7366217487	-4.57443809685	
13/08/2015	09:46:16	5.39874897888	5.39840890665	5.3975216025	10.0452220584	5.39851078931	5.39806581233	10.045274305	5.39777658457	-4.55756705421	-4.56651493988	-4.57531967369	23.7300510785	-4.56692381737	-4.57161770706	23.7372396875	-4.57471634827	
13/08/2015	09:46:23	5.39871455675	5.39842237908	5.39751821994	10.0452070469	5.39849544563	5.39805731816	10.0452638379	5.39777687894	-4.55792135506	-4.56674636871	-4.57517294304	23.7301751434	-4.56684866264	-4.57164484627	23.7379888489	-4.57466147339	
13/08/2015	09:46:30	5.39873877527	5.39843185712	5.39753052414	10.045198276	5.39851267392	5.39804754117	10.0452566287	5.39776864959	-4.55773287178	-4.56651702751	-4.57522990555	23.730428045	-4.56670133553	-4.57131321114	23.7384564783	-4.57457528404	
13/08/2015	09:46:37	5.3990596537	5.39872207325	5.39784626901	10.0451833014	5.39884069686	5.39839477745	10.0452382214	5.39809405689	-4.55449525398	-4.56367844551	-4.57200242767	23.730955321	-4.56361700951	-4.56832103912	23.7385113531	-4.57157297211	
13/08/2015	09:46:43	5.39893071663	5.39859947938	5.39772837603	10.0452261699	5.39870876091	5.39824304318	10.0452773115	5.3979582641	-4.55712030113	-4.56616004257	-4.57440260712	23.7320766772	-4.56592503494	-4.57060848648	23.7391125909	-4.57375812553	
13/08/2015	09:46:50	5.39870271457	5.39835715282	5.39750915518	10.0452299607	5.39847571038	5.3980341416	10.0452822826	5.39775102219	-4.55773376648	-4.56679438423	-4.57509808655	23.7324655731	-4.56638520851	-4.57129382599	23.7396637256	-4.57454575897	
13/08/2015	09:46:57	5.39873105899	5.39837943527	5.39751009994	10.0452236002	5.39850929226	5.39804179487	10.0452738595	5.39776681728	-4.55764161247	-4.56639534843	-4.57492391846	23.7330501099	-4.56613946449	-4.57103794205	23.7399643445	-4.57426929695	
13/08/2015	09:47:04	5.39870690291	5.3983580558	5.39749870769	10.045227511	5.39848827812	5.3980017496	10.0452736791	5.39771957237	-4.55754200264	-4.56640817245	-4.57471187477	23.7341189771	-4.56637745445	-4.571214496	23.7404701477	-4.57428212097	
13/08/2015	09:47:11	5.39871070331	5.3983767537	5.39749362064	10.0452665336	5.3984852762	5.3980312048	10.0453138139	5.39772423686	-4.55734606354	-4.56661097092	-4.57458721336	23.7351091107	-4.56625309128	-4.57081396904	23.7416129767	-4.57405546387	
13/08/2015	09:47:18	5.39869161865	5.39835621565	5.39748751187	10.045255737	5.39846175673	5.39799059941	10.0453024283	5.39771869803	-4.55747639137	-4.56650599289	-4.57480969521	23.7354813055	-4.56616869133	-4.57114888474	23.7419040521	-4.57437009972	
13/08/2015	09:47:25	5.3986754665	5.39834098203	5.3974303165	10.0452747923	5.3984319412	5.3980016395	10.0453205132	5.39771233282	-4.55741197304	-4.56659516457	-4.57497044281	23.7359799512	-4.56657458649	-4.57129919418	23.7422690894	-4.57455112717	
13/08/2015	09:47:32	5.3986928566	5.39838858942	5.39747970073	10.0452429544	5.39846610404	5.39802965756	10.0452889034	5.39771781516	-4.55698758743	-4.56620149696	-4.57436174919	23.7371060791	-4.56601748718	-4.57057836494	23.7434262335	-4.57387115585	
13/08/2015	09:47:38	5.39867187316	5.39835043357	5.39747337329	10.0452449214	5.39846770016	5.39800675049	10.045289153	5.39772318535	-4.55654143082	-4.56599034798	-4.57410974228	23.737177655	-4.56604134583	-4.57082738953	23.7432616089	-4.57400744835	
13/08/2015	09:47:45	5.3990040371	5.39864161286	5.3978002377	10.0452608335	5.39878957392	5.39833680464	10.0452998799	5.3980504395	-4.5535817662	-4.56310225929	-4.57130366768	23.7381725604	-4.56292868767	-4.56786772491	23.7435431409	-4.57076177826	
13/08/2015	09:47:52	5.39864908754	5.39833661414	5.39744609691	10.0452678444	5.39842672301	5.39796576887	10.0453061455	5.39771638938	-4.5568202787	-4.56638162971	-4.57450132225	23.7385399835	-4.56622833794	-4.57067678185	23.7438079718	-4.57403100876	
13/08/2015	09:47:59	5.39869158659	5.3983768183	5.39747468074	10.0452657245	5.39847126637	5.398032718	10.045305137	5.39774249211	-4.55583819733	-4.56519525871	-4.57344766495	23.7391770093	-4.564908955	-4.56963326447	23.7445976929	-4.57274204559	
13/08/2015	09:48:06	5.39889056587	5.39854270336	5.39764295054	10.0452616585	5.39866145098	5.39821435457	10.0452977243	5.39790708456	-4.55572516701	-4.56491849846	-4.57338563248	23.7401432843	-4.56454004074	-4.56956109207	23.7451034961	-4.57258815735	
13/08/2015	09:48:13	5.39865583312	5.39832607677	5.39744273614	10.045258245	5.39843616134	5.39797074341	10.0452925253	5.39770761508	-4.5567200724	-4.56599511971	-4.57410437408	23.7410666138	-4.56539179428	-4.57029027184	23.7457810815	-4.57359320267	
13/08/2015	09:48:20	5.39888246128	5.39853791212	5.3976799754	10.0453386496	5.39865673891	5.39817266414	10.0453761926	5.39789998689	-4.55526290581	-4.56466082512	-4.57286223351	23.7416463788	-4.56412907562	-4.56902725494	23.746809389	-4.57228962608	
13/08/2015	09:48:27	5.39860790695	5.39828680007	5.39740521331	10.0452878963	5.39837496582	5.3979420421	10.0453186737	5.39764692542	-4.55677405258	-4.56611053589	-4.57433252235	23.742292948	-4.56580395233	-4.57077370758	23.7465254712	-4.57375991493	
13/08/2015	09:48:34	5.39863450574	5.39829216947	5.39743152008	10.045298582	5.39841030511	5.39796980231	10.0453289093	5.39766832408	-4.55615462257	-4.56557282173	-4.57367193619	23.7430993701	-4.56526623817	-4.57001112572	23.7472698608	-4.57314018669	
13/08/2015	09:48:40	5.39862985461	5.39827915656	5.39738093257	10.0452906142	5.39841283532	5.39794553938	10.0453203006	5.3976639947	-4.55653546616	-4.56560622383	-4.57381777214	23.7438604608	-4.5656366436	-4.57040210922	23.7479426746	-4.57357232635	
13/08/2015	09:48:47	5.39860342461	5.3982576661	5.39739479046	10.0452894972	5.39837890856	5.39792138035	10.0453252049	5.3976388719	-4.55640484009	-4.5657720414	-4.57367700615	23.7439057922	-4.56546515961	-4.57030220116	23.7488159009	-4.57348255821	
13/08/2015	09:48:54	5.3986317111	5.39826692018	5.39741140232	10.0453273162	5.39839895704	5.39790995947	10.045359	5.39765531894	-4.55653308029	-4.56550154404	-4.57392782013	23.7451941589	-4.56526623817	-4.5700317038	23.7495507471	-4.57303819099	
13/08/2015	09:49:01	5.39860189479	5.39825594706	5.39738745147	10.0453264254	5.39837272164	5.39792799034	10.0453540144	5.39763164001	-4.55594675415	-4.56562083725	-4.57361765778	23.7456021417	-4.56508908775	-4.56982383537	23.7493956659	-4.57294275642	
13/08/2015	09:49:08	5.39859026583	5.39826071439	5.39735734359	10.0453004914	5.39836852274	5.3979300734	10.0453265889	5.39763377234	-4.55629240623	-4.5657720414	-4.57381985977	23.7462797272	-4.56512755981	-4.56987274559	23.749868067	-4.5731655365	
13/08/2015	09:49:15	5.39849174428	5.39815812932	5.39726112897	10.045295331	5.39827395816	5.39781873378	10.0453212906	5.3975147192	-4.55796758118	-4.5671200547	-4.57536232101	23.7470288885	-4.56677231499	-4.57131261467	23.7505981415	-4.57453382965	
13/08/2015	09:49:22	5.39893314458	5.39858149233	5.39769101729	10.0453239145	5.39870458	5.39822651256	10.0453503087	5.39794686746	-4.55293161819	-4.56234981735	-4.57047964981	23.7475776373	-4.5618383477	-4.56686983719	23.7512065369	-4.56984560638	
13/08/2015	09:49:29	5.39858913649	5.39825582464	5.39735792903	10.0453119158	5.3983567728	5.39790503626	10.0453354296	5.39760869968	-4.55604099579	-4.56524446716	-4.57334358162	23.7479832343	-4.56499902138	-4.56993835686	23.7512160803	-4.57289354797	
13/08/2015	09:49:35	5.39856574093	5.39824945831	5.39736949023	10.0453576528	5.39836999003	5.39791329401	10.045375805	5.39763863001	-4.55597657745	-4.56542549461	-4.57341217522	23.7491666229	-4.56483260735	-4.56963863266	23.7516622369	-4.57292128365	
13/08/2015	09:49:42	5.39857902895	5.39820244658	5.39737162196	10.0453683377	5.39832474397	5.39790177452	10.0453835925	5.3976162041	-4.55611972931	-4.56535391869	-4.57358604507	23.750237876	-4.56470973534	-4.56978178452	23.7523350507	-4.57280884979	
13/08/2015	09:49:49	5.39853724786	5.3981923228	5.3973229259	10.0453336397	5.39830752185	5.39787325305	10.04535365	5.39754723299	-4.55599089264	-4.56532737595	-4.57334477455	23.750307066	-4.56487764053	-4.56979639793	23.7530579675	-4.57280288513	
13/08/2015	09:49:56	5.39856317666	5.39820647572	5.39733798196	10.0453572356	5.39832041233	5.39787646942	10.045375615	5.39756151549	-4.55598164742	-4.56508282486	-4.57341724518	23.7509655646	-4.56476580315	-4.56962342278	23.7534921948	-4.57291621368	
13/08/2015	09:50:03	5.39855260965	5.39819884872	5.39731256563	10.0453728176	5.39830134087	5.39785911728	10.0453892535	5.39756749024	-4.55619130524	-4.56543593277	-4.57340203529	23.7515166992	-4.56477117134	-4.56974092659	23.7537761127	-4.57312587151	
13/08/2015	09:50:10	5.39856690437	5.3982018091	5.39733823639	10.0453906446	5.39833161864	5.39785986833	10.0454085737	5.39758634118	-4.55553429787	-4.56495279526	-4.57308262772	23.7521775836	-4.56452304146	-4.56923750923	23.7546421814	-4.57270417	
13/08/2015	09:50:17	5.39851850244	5.39819096492	5.39730240912	10.0453553903	5.39827794755	5.39780443049	10.0453713932	5.39757128119	-4.55596106934	-4.56509296478	-4.57302864754	23.7527668921	-4.56476580315	-4.56953126877	23.7549666589	-4.57266032974	
13/08/2015	09:50:24	5.39856468202	5.39821783996	5.39734381365	10.0453849853	5.39832075838	5.39786972819	10.0453968228	5.3975752374	-4.55499330315	-4.5641866346	-4.57229588898	23.7535208252	-4.5637568808	-4.56864521843	23.7551479846	-4.57173342148	
13/08/2015	09:50:30	5.3985245259	5.39817781646	5.39730596952	10.0454007699	5.39830132993	5.39785823911	10.0454132675	5.39757768399	-4.55561183846	-4.56516304955	-4.57295528221	23.7542986169	-4.5645495842	-4.56955005745	23.7560164392	-4.57270983643	
13/08/2015	09:50:37	5.39852624915	5.39819332687	5.39731414618	10.045425009	5.3983075015	5.39787517214	10.045435719	5.39758328639	-4.55535804214	-4.56445921959	-4.57290607376	23.7550453925	-4.56434678574	-4.56940869499	23.7565174707	-4.57241518219	
13/08/2015	09:50:44	5.39854587228	5.39820864306	5.39731141929	10.0453982999	5.39830728669	5.3978582902	10.045406337	5.39754986927	-4.55531002663	-4.56455435593	-4.57259203438	23.7556824182	-4.56426805222	-4.56898222176	23.7567870734	-4.57232630875	
13/08/2015	09:54:41	5.39830365354	5.39795094703	5.3970911601	10.0455695497	5.3980695858	5.39759264929	10.0455486126	5.39731242371	-4.55310190926	-4.56285770821	-4.57076267296	23.7782145203	-4.56229524071	-4.56717314018	23.7753395538	-4.5705580851	
13/08/2015	09:54:49	5.39830677104	5.3979366402	5.39708160341	10.0456013579	5.39806893066	5.39762068598	10.0455740951	5.3973370807	-4.5529957383	-4.56260838539	-4.57077907578	23.7795362891	-4.56241393745	-4.567250979	23.775792868	-4.57042119614	
13/08/2015	09:54:57	5.39851075116	5.39818374181	5.39729052681	10.0456280227	5.39829327729	5.39783443899	10.0455994908	5.39756342358	-4.55186841743	-4.56125619682	-4.56944746529	23.780151842	-4.56106204712	-4.56569450081	23.7762342529	-4.56889513771	
13/08/2015	09:55:04	5.39827304252	5.39791542424	5.39706305138	10.04560794	5.39806971432	5.3976114612	10.0455782951	5.39731917521	-4.55280725502	-4.56226661034	-4.57036572479	23.7809033893	-4.56194958862	-4.56683762802	23.7768331049	-4.56994640915	
13/08/2015	09:55:12	5.39826426865	5.3979264083	5.39707259994	10.0456138318	5.39808552765	5.39762926107	10.0455834382	5.39730099574	-4.55272553917	-4.56236890427	-4.57040658272	23.7819770282	-4.56216431641	-4.56670461609	23.7778041516	-4.57001798508	
13/08/2015	09:55:20	5.39848088991	5.39815955891	5.39727986483	10.0455892751	5.39831654559	5.39786277301	10.0455574728	5.39755407259	-4.55153379997	-4.56083956528	-4.56904097366	23.7827762927	-4.56045096764	-4.56540044304	23.7784101611	-4.56852980225	
13/08/2015	09:55:28	5.3982379333	5.39788591882	5.39702223092	10.0456144294	5.39799590873	5.39756888722	10.0455795674	5.39730415484	-4.55292326767	-4.56245419891	-4.57056345329	23.7837139374	-4.56183029541	-4.56658562111	23.7789278937	-4.56979669617	
