data	hora	D32	D33	D34	D35	D36	D37	D38	D39	T32	T33	T34	T35	T36	T37	T38	T39
28/07/2015	14:43:19	-0.0538946423307	5.71818843924	6.55628485023	-0.0538948547779	-0.0538946749692	-0.0538948096922	-0.0538947403787	-0.0538948200639	-3.86041092873e-05	23.7108898163	24.6682262421	-3.87525725365e-05	-3.86413884163e-05	-3.87152934074e-05	-3.86740899086e-05	-3.87493038177e-05	
28/07/2015	14:43:25	-0.0538945664264	5.71822689485	6.55646499971	-0.0538947716625	-0.053894583996	-0.0538947232712	-0.0538946566414	-0.0538947461895	-3.8588373661e-05	23.7115097046	24.6685791016	-3.87394523621e-05	-3.86269593239e-05	-3.87113308907e-05	-3.86491966248e-05	-3.87139463425e-05	
28/07/2015	14:43:31	-0.0538946588578	5.71791768802	6.55614341453	-0.0538948542903	-0.0538946659053	-0.0538947935	-0.0538947424761	-0.053894813705	-3.85661506653e-05	23.7123775482	24.6691393852	-3.8707420826e-05	-3.86152029037e-05	-3.86655640602e-05	-3.86407089233e-05	-3.86969566345e-05	
28/07/2015	14:43:37	-0.0538946737661	5.71783089588	6.55628567191	-0.0538948777859	-0.0538946880895	-0.0538948149815	-0.0538947665509	-0.0538948286326	-3.86080336571e-05	23.7128305435	24.6690630913	-3.87283754349e-05	-3.86355018616e-05	-3.86995983124e-05	-3.86839008331e-05	-3.87342596054e-05	
28/07/2015	14:43:43	-0.0538946769848	5.71925456862	6.55546993031	-0.0538948999679	-0.0538946958403	-0.053894818789	-0.0538947670921	-0.053894844966	-3.85976481438e-05	23.7137079239	24.6697688103	-3.87297606468e-05	-3.86434292793e-05	-3.87114477158e-05	-3.86924815178e-05	-3.87212586403e-05	
28/07/2015	14:43:49	-0.0538945835278	5.71878473749	6.55602062893	-0.0538947894534	-0.0538945978249	-0.0538947017317	-0.0538946762511	-0.0538947415985	-3.85485315323e-05	23.7150883675	24.6702885628	-3.8688492775e-05	-3.85858106613e-05	-3.86669111252e-05	-3.86453270912e-05	-3.86976504326e-05	
28/07/2015	14:43:55	-0.0538946751448	5.71887110152	6.55567392917	-0.0538949020375	-0.0538947006399	-0.0538948137159	-0.053894781709	-0.0538948470978	-3.85994911194e-05	23.7160873413	24.6706938744	-3.87368369102e-05	-3.86164951324e-05	-3.86995577812e-05	-3.86694717407e-05	-3.87087130547e-05	
28/07/2015	14:44:01	-0.0538945985812	5.48358772438	6.7970729998	-0.0538947953258	-0.0538946122343	-0.0538947410626	-0.0538946828545	-0.0538947528017	-3.86984825134e-05	23.7172937393	24.6707201004	-3.8841714859e-05	-3.87324905396e-05	-3.88050889969e-05	-3.87743496895e-05	-3.88220930099e-05	
28/07/2015	14:44:07	-0.0538944054456	5.17801068714	7.10751193057	-0.0538946264152	-0.0538944374145	-0.053894564914	-0.0538945093668	-0.0538945904567	-3.8750538826e-05	23.7178254128	24.6709489822	-3.88970422745e-05	-3.87910890579e-05	-3.88715338707e-05	-3.88270616531e-05	-3.88734960556e-05	
28/07/2015	14:44:13	-0.0538944425563	4.88557660455	7.40365409438	-0.0538946634204	-0.0538944411213	-0.0538945830594	-0.0538945202432	-0.053894596696	-3.88205289841e-05	23.7184023857	24.6713638306	-3.90003871918e-05	-3.88604235649e-05	-3.89304041862e-05	-3.89068603516e-05	-3.89696478844e-05	
28/07/2015	14:44:19	-0.0538944510961	4.74072900369	7.54833169848	-0.053894656326	-0.0538944608307	-0.0538945765221	-0.0538945255278	-0.0538945960797	-3.88100719452e-05	23.7192964554	24.6716427803	-3.89631128311e-05	-3.88401556015e-05	-3.89238715172e-05	-3.88911700249e-05	-3.89546108246e-05	
28/07/2015	14:44:24	-0.0538944307124	4.72964805381	7.55968641844	-0.0538946517048	-0.0538944653498	-0.0538945914923	-0.0538945326324	-0.0538945933136	-3.88336157799e-05	23.7201952934	24.6720123291	-3.89729237556e-05	-3.88610863686e-05	-3.89552664757e-05	-3.8905608654e-05	-3.8983438015e-05	
28/07/2015	14:44:30	-0.0538944515986	4.72750254725	7.56133573825	-0.053894675818	-0.0538944561281	-0.0538945966588	-0.0538945522895	-0.0538946333089	-3.88082551956e-05	23.7208557129	24.6730446815	-3.89632606506e-05	-3.88259148598e-05	-3.89285969734e-05	-3.88716959953e-05	-3.89403700829e-05	
28/07/2015	14:44:36	-0.0538944651851	4.72878234564	7.56061978058	-0.053894684755	-0.053894475503	-0.0538946194118	-0.0538945722981	-0.0538946179285	-3.87999367714e-05	23.7213158607	24.6732735634	-3.89752173424e-05	-3.88509511948e-05	-3.89215874672e-05	-3.89032745361e-05	-3.89752173424e-05	
28/07/2015	14:44:43	-0.0538943483337	4.73020800036	7.55905584855	-0.0538945765434	-0.0538943803544	-0.053894507172	-0.0538944634018	-0.0538945254912	-3.87597751617e-05	23.7219524384	24.6740150452	-3.88945055008e-05	-3.87839746475e-05	-3.8871614933e-05	-3.88336801529e-05	-3.88801169395e-05	
28/07/2015	14:44:49	-0.0538944615904	4.73066235291	7.55886317918	-0.0538946923334	-0.0538944805074	-0.0538946099162	-0.0538945674609	-0.0538946367345	-3.88159322739e-05	23.7226629257	24.6748065948	-3.89787864685e-05	-3.88407850266e-05	-3.89382362366e-05	-3.88983392715e-05	-3.89506626129e-05	
28/07/2015	14:44:55	-0.0538944813573	4.73002199376	7.55947354022	-0.0538946721383	-0.053894483836	-0.0538946008451	-0.0538945465597	-0.0538946079864	-3.87714838982e-05	23.7231087685	24.6752405167	-3.89336824417e-05	-3.88153028488e-05	-3.88977122307e-05	-3.88695883751e-05	-3.89186406136e-05	
28/07/2015	14:45:01	-0.0538944720931	4.72967498423	7.55969148819	-0.0538946878887	-0.053894498899	-0.0538946140002	-0.0538945636271	-0.0538946407094	-3.88146090508e-05	23.7237071991	24.6760940552	-3.89388751984e-05	-3.88309597969e-05	-3.88944005966e-05	-3.88721632957e-05	-3.89427995682e-05	
28/07/2015	14:45:07	-0.0538945327588	4.73093612242	7.55840798524	-0.053894730768	-0.0538945385224	-0.0538946555956	-0.0538946046214	-0.0538946816561	-3.88611507416e-05	23.7240457535	24.6764683723	-3.90168094635e-05	-3.89023542404e-05	-3.89644861221e-05	-3.89239358902e-05	-3.90096139908e-05	
28/07/2015	14:45:13	-0.0538944655923	4.73083405259	7.55867138844	-0.053894710127	-0.0538945047964	-0.0538946185143	-0.0538945786641	-0.0538946289151	-3.87754321098e-05	23.7245941162	24.6776986122	-3.89284753799e-05	-3.8808786869e-05	-3.88957738876e-05	-3.88598012924e-05	-3.89206266403e-05	
28/07/2015	14:45:19	-0.0538944857767	4.73118682587	7.55832213505	-0.0538946831709	-0.0538944994561	-0.0538946256234	-0.0538945772693	-0.0538946478777	-3.87846779823e-05	23.7251806259	24.6785640717	-3.89279103279e-05	-3.88088774681e-05	-3.88952088356e-05	-3.88553142548e-05	-3.89024043083e-05	
28/07/2015	14:45:25	-0.0538945021886	4.73087440559	7.55856562809	-0.0538946936908	-0.0538944870466	-0.0538946393965	-0.0538945727176	-0.053894652478	-3.87800812721e-05	23.7257003784	24.6795129776	-3.89226603508e-05	-3.88029742241e-05	-3.88958454132e-05	-3.88507175446e-05	-3.89036941528e-05	
28/07/2015	14:45:31	-0.053894491892	4.73098497009	7.55842339793	-0.0538947128534	-0.053894506885	-0.0538946370205	-0.0538945636974	-0.0538946480162	-3.87479567528e-05	23.7261533737	24.6804738045	-3.88970732689e-05	-3.87721538544e-05	-3.88467144966e-05	-3.88303637505e-05	-3.88918423653e-05	
28/07/2015	14:45:37	-0.0538945023519	4.73149089044	7.55740622961	-0.0538947161099	-0.053894521868	-0.0538946533496	-0.0538946010707	-0.053894661752	-3.87616729736e-05	23.7263154984	24.6816182137	-3.89094829559e-05	-3.88054919243e-05	-3.88682794571e-05	-3.88264226913e-05	-3.89042520523e-05	
28/07/2015	14:45:43	-0.0538944210571	4.73071433481	7.55849506353	-0.0538946388454	-0.0538944458792	-0.0538945779716	-0.0538945112182	-0.0538945732869	-3.87558579445e-05	23.7266564369	24.68272686	-3.88722753525e-05	-3.87787485123e-05	-3.88552713394e-05	-3.88336873055e-05	-3.88866639137e-05	
28/07/2015	14:45:49	-0.0538945254462	4.73073907363	7.55812423928	-0.053894723503	-0.0538945305844	-0.0538946600215	-0.0538945927318	-0.0538946822137	-3.87373948097e-05	23.7269330025	24.6836924553	-3.88780117035e-05	-3.87694430351e-05	-3.88564276695e-05	-3.87975645065e-05	-3.88832426071e-05	
28/07/2015	14:45:54	-0.0538945233928	4.73071644565	7.55823346926	-0.0538947384747	-0.0538945363709	-0.0538946468599	-0.0538945938687	-0.053894681449	-3.87342119217e-05	23.7275791168	24.6842384338	-3.88787508011e-05	-3.87747621536e-05	-3.88467049599e-05	-3.8823158741e-05	-3.88879084587e-05	
28/07/2015	14:46:00	-0.0538945277983	4.7304357966	7.55902983394	-0.0538947241363	-0.0538945298648	-0.053894661307	-0.0538945920232	-0.0538946789781	-3.8757853508e-05	23.7280249596	24.6852874756	-3.88741183281e-05	-3.87779760361e-05	-3.88531899452e-05	-3.88041377068e-05	-3.88597297668e-05	
28/07/2015	14:46:06	-0.0538944993604	4.73039107026	7.5590684994	-0.0538947183836	-0.0538945307254	-0.0538946484116	-0.0538946196564	-0.0538946889652	-3.87183713913e-05	23.7281441689	24.685883522	-3.8859641552e-05	-3.8744533062e-05	-3.88197445869e-05	-3.87975072861e-05	-3.88387131691e-05	
28/07/2015	14:46:12	-0.0538945381693	4.73026607822	7.55868219886	-0.0538947624141	-0.0538945538062	-0.0538946820076	-0.0538946218213	-0.0538946890868	-3.87423014641e-05	23.7283492088	24.6869373322	-3.88907670975e-05	-3.87697720528e-05	-3.88351750374e-05	-3.88077044487e-05	-3.88757252693e-05	
28/07/2015	14:46:18	-0.0538944112691	4.73010868445	7.55861097038	-0.0538946054385	-0.0538944085682	-0.0538945485164	-0.0538944883742	-0.0538945707106	-3.86143636703e-05	23.7287783623	24.6875500679	-3.87412452698e-05	-3.8639216423e-05	-3.87176990509e-05	-3.86778044701e-05	-3.87438607216e-05	
28/07/2015	14:46:24	-0.053894543394	4.7303400303	7.5583418675	-0.0538947434083	-0.0538945590267	-0.0538946721849	-0.0538946237777	-0.0538946982398	-3.87078094482e-05	23.7292599678	24.6884894371	-3.88516950607e-05	-3.87365865707e-05	-3.87921786308e-05	-3.8770596981e-05	-3.88405776024e-05	
28/07/2015	14:46:30	-0.0538945208889	4.73077341387	7.55905254496	-0.0538947418399	-0.0538945705724	-0.0538946679514	-0.0538946051408	-0.0538946783064	-3.87119340897e-05	23.729801178	24.6894860268	-3.88643240929e-05	-3.87452912331e-05	-3.88198494911e-05	-3.87930345535e-05	-3.88591718674e-05	
28/07/2015	14:46:36	-0.053894550153	4.73047682454	7.55885124783	-0.0538947541583	-0.0538945723203	-0.0538946677398	-0.0538946377236	-0.0538947174419	-3.87212586403e-05	23.7299966812	24.6898603439	-3.88461780548e-05	-3.87559223175e-05	-3.88278675079e-05	-3.87905859947e-05	-3.88553357124e-05	
28/07/2015	14:46:42	-0.0538945489677	4.73042389169	7.55864670505	-0.0538947666132	-0.0538945698236	-0.0538946796417	-0.0538946469639	-0.0538947228119	-3.87094068527e-05	23.7304401398	24.6901869774	-3.88709521294e-05	-3.8743417263e-05	-3.88205933571e-05	-3.87957406044e-05	-3.8842830658e-05	
28/07/2015	14:46:48	-0.053894549686	4.73026329696	7.55877184253	-0.0538947811626	-0.0538945633178	-0.0538946836925	-0.0538946476946	-0.0538947261042	-3.86982655525e-05	23.7313342094	24.690580368	-3.88375735283e-05	-3.87375068665e-05	-3.87917900085e-05	-3.87806725502e-05	-3.88454198837e-05	
28/07/2015	14:46:54	-0.053894558477	4.7301916914	7.55840497771	-0.0538947755778	-0.0538945754144	-0.0538947108165	-0.0538946552114	-0.0538947159569	-3.86869287491e-05	23.7318229675	24.6910953522	-3.88138103485e-05	-3.87170147896e-05	-3.87830710411e-05	-3.87569093704e-05	-3.88144636154e-05	
28/07/2015	14:47:00	-0.0538944705652	4.73034884969	7.55858026466	-0.0538946647042	-0.05389449738	-0.0538946052344	-0.0538945620709	-0.0538946300751	-3.86589980125e-05	23.7326574326	24.6915054321	-3.87969970703e-05	-3.86740398407e-05	-3.87499070168e-05	-3.8727016449e-05	-3.8766913414e-05	
28/07/2015	14:47:06	-0.0538945702097	4.73029773489	7.55863629346	-0.0538947944678	-0.053894579983	-0.0538946989862	-0.0538946558228	-0.0538947276585	-3.86863303185e-05	23.7329220772	24.6916007996	-3.88276004791e-05	-3.87026810646e-05	-3.87752795219e-05	-3.87523889542e-05	-3.88236761093e-05	
28/07/2015	14:47:12	-0.0538945816782	4.73014601677	7.55882445324	-0.0538948001376	-0.0538946032839	-0.0538947150133	-0.0538946620966	-0.0538947385349	-3.86741375923e-05	23.7340760231	24.692363739	-3.88199853897e-05	-3.87127256393e-05	-3.88062500954e-05	-3.87591600418e-05	-3.88265252113e-05	
28/07/2015	14:47:18	-0.0538945883655	4.73018366242	7.55897561205	-0.0538947759699	-0.0538945981063	-0.0538947145494	-0.0538946706799	-0.0538947262512	-3.86891078949e-05	23.7342453003	24.6937894821	-3.88212227821e-05	-3.87172317505e-05	-3.87702083588e-05	-3.8763666153e-05	-3.87989854813e-05	
28/07/2015	14:47:24	-0.053894485283	4.72996407957	7.55878216725	-0.0538947042952	-0.053894495661	-0.0538946356298	-0.0538945839936	-0.0538946322441	-3.8626768589e-05	23.7347006798	24.6943092346	-3.87699985504e-05	-3.86588144302e-05	-3.87307572365e-05	-3.86941337585e-05	-3.87667298317e-05	
28/07/2015	14:47:29	-0.0538944951411	4.73007449286	7.55874076721	-0.0538947265495	-0.0538945021852	-0.0538946316533	-0.053894582631	-0.053894658464	-3.86163043976e-05	23.7351918221	24.695250988	-3.87771940231e-05	-3.86679720879e-05	-3.87451457977e-05	-3.87111377716e-05	-3.87614965439e-05	
28/07/2015	14:47:35	-0.0538946052859	4.72997263741	7.55877806767	-0.0538948079846	-0.0538946215875	-0.0538947503764	-0.0538946974764	-0.0538947457932	-3.8689866066e-05	23.7358212471	24.6966743469	-3.88141322136e-05	-3.87140655518e-05	-3.87990880013e-05	-3.87467670441e-05	-3.87984347343e-05	
28/07/2015	14:47:41	-0.0538945892319	4.72980369861	7.55903887893	-0.0538948037167	-0.0538946160219	-0.0538947435186	-0.053894688572	-0.0538947696515	-3.86673974991e-05	23.7362933159	24.698112011	-3.87923169136e-05	-3.86902880669e-05	-3.87700796127e-05	-3.8742609024e-05	-3.87923169136e-05	
28/07/2015	14:47:47	-0.0538945944425	4.72975781406	7.5589232218	-0.0538948324779	-0.0538946349739	-0.0538947532896	-0.053894708821	-0.0538947676365	-3.86569881439e-05	23.7366127968	24.6991181374	-3.8793027401e-05	-3.86844587326e-05	-3.87675189972e-05	-3.87420129776e-05	-3.87891030312e-05	
28/07/2015	14:47:53	-0.0538946203261	4.72997618682	7.55889150173	-0.0538948085869	-0.0538946241245	-0.0538947392278	-0.0538946974021	-0.0538947569024	-3.86598944664e-05	23.7370252609	24.7013664246	-3.87913537025e-05	-3.87017512321e-05	-3.8764538765e-05	-3.87324905396e-05	-3.87684631348e-05	
28/07/2015	14:47:59	-0.0538946129006	4.72997151513	7.5586947961	-0.0538948300242	-0.0538946462638	-0.0538947548083	-0.053894717539	-0.0538947612636	-3.86653637886e-05	23.7375974655	24.7022461891	-3.87850499153e-05	-3.86804056168e-05	-3.87464618683e-05	-3.87235713005e-05	-3.87758922577e-05	
28/07/2015	14:48:05	-0.0538945571055	4.72957870926	7.55883169437	-0.0538947623741	-0.0538945543632	-0.053894682577	-0.0538946537888	-0.0538947054561	-3.86282896996e-05	23.7376832962	24.702796936	-3.87676000595e-05	-3.86662244797e-05	-3.87277030945e-05	-3.8715929985e-05	-3.87427449226e-05	
28/07/2015	14:48:10	-0.0538946205441	4.72970190089	7.55893254189	-0.0538948312354	-0.0538946396007	-0.0538947474473	-0.0538947141607	-0.0538947644406	-3.86453437805e-05	23.7385010719	24.7037172318	-3.87720990181e-05	-3.86713767052e-05	-3.8751168251e-05	-3.87119269371e-05	-3.87635946274e-05	
28/07/2015	14:48:16	-0.0538946349703	4.72993652731	7.55889442109	-0.0538948244825	-0.0538946335705	-0.0538947577907	-0.05389471861	-0.0538947852722	-3.86388111115e-05	23.7386393547	24.7046518326	-3.87898921967e-05	-3.86675882339e-05	-3.87473797798e-05	-3.87081384659e-05	-3.87584996223e-05	
28/07/2015	14:48:22	-0.0538946326283	4.72989888855	7.55832134432	-0.0538948458085	-0.0538946378272	-0.053894763967	-0.053894717558	-0.0538947822862	-3.86000800133e-05	23.7393689156	24.7051119804	-3.8723692894e-05	-3.86144685745e-05	-3.87079954147e-05	-3.86752939224e-05	-3.87164974213e-05	
28/07/2015	14:48:28	-0.0538946350607	4.72987115581	7.5587978461	-0.0538948769898	-0.053894662476	-0.0538947801788	-0.0538947337009	-0.0538948134489	-3.86374258995e-05	23.7392449379	24.7051930428	-3.87852358818e-05	-3.86694717407e-05	-3.87394523621e-05	-3.87270259857e-05	-3.87839269638e-05	
28/07/2015	14:48:34	-0.0538946469386	4.72967123711	7.55882653234	-0.0538948541689	-0.0538946743623	-0.0538947966607	-0.053894719448	-0.0538947991747	-3.86301732063e-05	23.7398838997	24.7057914734	-3.8771443367e-05	-3.86596059799e-05	-3.87263154984e-05	-3.86968851089e-05	-3.87590169907e-05	
28/07/2015	14:48:40	-0.053894553672	4.72988448	7.55848633493	-0.0538947602307	-0.0538945594957	-0.0538946843537	-0.0538946156848	-0.0538947111291	-3.85495829582e-05	23.7403655052	24.706363678	-3.86947774887e-05	-3.85718202591e-05	-3.86568427086e-05	-3.86202168465e-05	-3.86843132973e-05	
28/07/2015	14:48:45	-0.0538946481974	4.72967362544	7.55921750772	-0.0538948613652	-0.0538946526896	-0.0538947992406	-0.0538947338084	-0.0538948155133	-3.8630874157e-05	23.7408947945	24.7073030472	-3.87584114075e-05	-3.86603069305e-05	-3.87230920792e-05	-3.86975860596e-05	-3.87564492226e-05	
28/07/2015	14:48:51	-0.0538946542138	4.72949485554	7.55927294931	-0.0538948659997	-0.0538946540709	-0.0538947927221	-0.053894735858	-0.0538947979066	-3.86118531227e-05	23.7413311005	24.7076773643	-3.8760972023e-05	-3.86569809914e-05	-3.87302327156e-05	-3.86883759499e-05	-3.87491989136e-05	
28/07/2015	14:48:57	-0.0538945547631	4.72967936794	7.55912890013	-0.0538947757907	-0.0538945887745	-0.0538946946967	-0.0538946344732	-0.0538947129476	-3.85791277885e-05	23.7420201302	24.7081208229	-3.87073159218e-05	-3.85961318016e-05	-3.86621880531e-05	-3.86464929581e-05	-3.86922740936e-05	
28/07/2015	14:49:03	-0.0538946535829	4.72919310281	7.55927118884	-0.053894860798	-0.0538946718415	-0.0538948026189	-0.0538947490024	-0.0538948294172	-3.86013960838e-05	23.7427139282	24.7090411186	-3.87459373474e-05	-3.86275577545e-05	-3.87060403824e-05	-3.86733388901e-05	-3.87263154984e-05	
28/07/2015	14:49:09	-0.0538946698611	4.7295596362	7.55895298056	-0.0538948875003	-0.053894684081	-0.0538948247276	-0.053894764562	-0.0538948357958	-3.85832262039e-05	23.7431812286	24.70962286	-3.87467336655e-05	-3.86433982849e-05	-3.87094545364e-05	-3.86754441261e-05	-3.87316918373e-05	
28/07/2015	14:49:15	-0.0538946726036	4.72933465519	7.55898099066	-0.053894897469	-0.0538947071803	-0.0538948183388	-0.0538947751623	-0.0538948464223	-3.85889840126e-05	23.7442350388	24.7106647491	-3.87466049194e-05	-3.86341118813e-05	-3.87027859688e-05	-3.86825108528e-05	-3.87289476395e-05	
28/07/2015	14:49:21	-0.0538945274517	4.72945491594	7.55924135597	-0.053894737942	-0.0538945489999	-0.0538946804048	-0.0538946215279	-0.0538946947965	-3.84719872475e-05	23.7453246117	24.7117543221	-3.8618490696e-05	-3.84955334663e-05	-3.85825181007e-05	-3.85563564301e-05	-3.85884046555e-05	
28/07/2015	14:49:26	-0.0538947022032	4.72927478269	7.55869074859	-0.0538948990238	-0.0538947087275	-0.0538948251001	-0.0538947675216	-0.0538948472923	-3.85888743401e-05	23.7462735176	24.7127509117	-3.87065982819e-05	-3.85980296135e-05	-3.86732435226e-05	-3.86503529549e-05	-3.87000584602e-05	
28/07/2015	14:49:32	-0.0538946978355	4.73033715526	7.55877608088	-0.0538949181673	-0.0538947147149	-0.0538948357336	-0.0538947919027	-0.0538948631323	-3.8597099781e-05	23.7464332581	24.7132277489	-3.87383699417e-05	-3.86454987526e-05	-3.87030529976e-05	-3.86827778816e-05	-3.87403321266e-05	
28/07/2015	14:49:38	-0.0538947077527	4.72984103534	7.55842843627	-0.0538949209143	-0.05389470174	-0.0538948371463	-0.0538947854583	-0.0538948711211	-3.85754990578e-05	23.7474250793	24.7140550613	-3.87049984932e-05	-3.8611471653e-05	-3.86762189865e-05	-3.86559438705e-05	-3.8706305027e-05	
28/07/2015	14:49:44	-0.0538946020622	4.72979553329	7.5583431203	-0.0538948184507	-0.0538946255652	-0.0538947426302	-0.0538946942347	-0.0538947733008	-3.85177063942e-05	23.74812603	24.7145748138	-3.86629009247e-05	-3.85438656807e-05	-3.86086153984e-05	-3.85818004608e-05	-3.86458945274e-05	
28/07/2015	14:49:50	-0.0538947243595	4.73008834892	7.55832212237	-0.0538949336066	-0.0538947360986	-0.0538948583867	-0.0538947994704	-0.0538948700595	-3.85772442818e-05	23.7479352951	24.7154474258	-3.87015104294e-05	-3.85942482948e-05	-3.86642313004e-05	-3.8650496006e-05	-3.87021636963e-05	
28/07/2015	14:49:56	-0.0538947047692	4.72971492551	7.55883219738	-0.0538949217685	-0.0538947151368	-0.0538948381041	-0.0538947758905	-0.0538948766497	-3.85432767868e-05	23.7490129471	24.7164344788	-3.87022066116e-05	-3.85785937309e-05	-3.86407279968e-05	-3.86335325241e-05	-3.8675391674e-05	
28/07/2015	14:50:01	-0.0538946204281	4.72966167348	7.55905483849	-0.053894847269	-0.0538946406234	-0.0538947701522	-0.0538947145719	-0.0538947792111	-3.85476851463e-05	23.7493062019	24.7175121307	-3.87013816833e-05	-3.85836553574e-05	-3.86431717873e-05	-3.86091637611e-05	-3.86784911156e-05	
28/07/2015	14:50:07	-0.0538947251138	4.72943383284	7.55898581871	-0.0538949323999	-0.0538947401274	-0.0538948597788	-0.0538948153039	-0.0538948787399	-3.85758495331e-05	23.7497425079	24.7185707092	-3.86994600296e-05	-3.85935091972e-05	-3.86680674553e-05	-3.86445236206e-05	-3.86804938316e-05	
28/07/2015	14:50:13	-0.0538947127644	4.72947194063	7.55867401762	-0.0538949350572	-0.0538947461669	-0.0538948671007	-0.053894812181	-0.0538948873478	-3.85509800911e-05	23.7504148483	24.7192955017	-3.86929035187e-05	-3.85535955429e-05	-3.86379647255e-05	-3.86019945145e-05	-3.86575865746e-05	
28/07/2015	14:50:19	-0.0538947348753	4.72955424928	7.55833810068	-0.0538949519474	-0.0538947460152	-0.0538948754957	-0.0538948185908	-0.0538948943824	-3.85446071625e-05	23.7506818771	24.7199249268	-3.86805653572e-05	-3.85713434219e-05	-3.86445951462e-05	-3.86171245575e-05	-3.86805653572e-05	
28/07/2015	14:50:25	-0.0538946456016	4.72922903342	7.55882079855	-0.0538948580301	-0.0538946670255	-0.053894774855	-0.0538947317469	-0.0538947898893	-3.84535217285e-05	23.7512087822	24.720416069	-3.86078715324e-05	-3.85163092613e-05	-3.8600025177e-05	-3.85581660271e-05	-3.86111426353e-05	
28/07/2015	14:50:31	-0.0538947461963	4.72935242299	7.5586311135	-0.053894956044	-0.053894734917	-0.0538948991819	-0.0538948396423	-0.0538948977883	-3.85307431221e-05	23.7518811226	24.7208118439	-3.86720132828e-05	-3.85752177238e-05	-3.86295032501e-05	-3.86059570312e-05	-3.86563181877e-05	
28/07/2015	14:50:37	-0.0538947442659	4.72932427194	7.55846699191	-0.0538949600346	-0.0538947782918	-0.0538948959635	-0.0538948423697	-0.0538949057306	-3.8533976078e-05	23.7519884109	24.7214221954	-3.8666741848e-05	-3.85464024544e-05	-3.86261940002e-05	-3.85862970352e-05	-3.86445045471e-05	
28/07/2015	14:50:42	-0.0538947493003	4.72932253369	7.5588253301	-0.0538949749588	-0.0538947695619	-0.0538948997285	-0.05389485458	-0.0538949120805	-3.85354685783e-05	23.7525129318	24.7221422195	-3.86492681503e-05	-3.85505104065e-05	-3.86152601242e-05	-3.85962915421e-05	-3.86453437805e-05	
28/07/2015	14:50:48	-0.0538946448892	4.72969461352	7.55833233841	-0.0538948646102	-0.0538946913458	-0.0538948135925	-0.0538947476239	-0.0538948253109	-3.84718346596e-05	23.7529039383	24.7236037254	-3.85993695259e-05	-3.84894943237e-05	-3.85725545883e-05	-3.85097694397e-05	-3.85961008072e-05	
28/07/2015	14:50:54	-0.0538947676117	4.72926895212	7.55848419207	-0.0538949821116	-0.0538947996372	-0.0538949094718	-0.0538948571868	-0.0538949284392	-3.85283207893e-05	23.7534403801	24.7240018845	-3.8649969101e-05	-3.85525202751e-05	-3.86244630814e-05	-3.85845661163e-05	-3.86349272728e-05	
28/07/2015	14:51:00	-0.0538947549365	4.7294248698	7.55855233968	-0.0538949674182	-0.0538947790787	-0.0538948967835	-0.0538948496684	-0.0538949130686	-3.84992408752e-05	23.7542963028	24.7255849838	-3.86352777481e-05	-3.85286712646e-05	-3.85979986191e-05	-3.85816478729e-05	-3.86274290085e-05	
28/07/2015	14:51:06	-0.05389477401	4.72931599194	7.55900109495	-0.0538949937165	-0.0538948040538	-0.0538949040566	-0.0538948399393	-0.0538949229597	-3.85108542442e-05	23.7552762032	24.7269964218	-3.86429691315e-05	-3.85409379005e-05	-3.86135363579e-05	-3.85860681534e-05	-3.86442756653e-05	
28/07/2015	14:51:12	-0.0538946881897	4.72922788988	7.55896015474	-0.0538949150665	-0.0538947287315	-0.0538948438292	-0.0538947927846	-0.0538948666524	-3.84951972961e-05	23.7556171417	24.7277593613	-3.86390852928e-05	-3.85193967819e-05	-3.85854554176e-05	-3.85671424866e-05	-3.86181569099e-05	
28/07/2015	14:51:18	-0.0538947717258	4.72892722798	7.55912929024	-0.0538949985715	-0.0538948082807	-0.0538949168108	-0.053894861918	-0.0538949449115	-3.84870696068e-05	23.756005764	24.7284078598	-3.86407661438e-05	-3.85289263725e-05	-3.8599562645e-05	-3.85550880432e-05	-3.86217999458e-05	
28/07/2015	14:51:23	-0.0538947858701	4.72912753401	7.55941003994	-0.0538950088491	-0.0538948100151	-0.0538949401465	-0.0538948845372	-0.0538949328975	-3.85062289238e-05	23.7570953369	24.7289586067	-3.86396503448e-05	-3.85363125801e-05	-3.86121821404e-05	-3.85873293877e-05	-3.86252617836e-05	
28/07/2015	14:51:29	-0.053894791569	4.72915044001	7.55890876502	-0.0538950138701	-0.0538948078582	-0.0538949169881	-0.0538948811128	-0.0538949411412	-3.84803771973e-05	23.7575483322	24.7298121452	-3.8619685173e-05	-3.85085010529e-05	-3.85948324203e-05	-3.85464906693e-05	-3.86027359962e-05	
28/07/2015	14:51:35	-0.0538947040074	4.7292005269	7.55880960025	-0.0538949085884	-0.0538947065358	-0.0538948432411	-0.0538947902355	-0.0538948634986	-3.8433868885e-05	23.757443428	24.7303271294	-3.85836410522e-05	-3.84619927406e-05	-3.85313200951e-05	-3.85123538971e-05	-3.85476708412e-05	
28/07/2015	14:51:41	-0.0538948059479	4.72932620932	7.55883240265	-0.0538950007577	-0.0538948110675	-0.0538949497959	-0.0538948889263	-0.0538949549239	-3.84797549248e-05	23.7580490112	24.7306704521	-3.86125230789e-05	-3.85176873207e-05	-3.85680484772e-05	-3.85497355461e-05	-3.86033654213e-05	
28/07/2015	14:51:47	-0.053894811159	4.72898676494	7.55870903068	-0.0538950321348	-0.0538948228235	-0.053894930813	-0.0538949020206	-0.0538949699689	-3.8475215435e-05	23.7583589554	24.7316050529	-3.86197566986e-05	-3.8515765667e-05	-3.85504293442e-05	-3.85399651527e-05	-3.85975193977e-05	
28/07/2015	14:51:53	-0.0538948125971	4.72912129794	7.55878710522	-0.0538950302984	-0.0538948262102	-0.0538949544117	-0.0538948980818	-0.0538949680621	-3.84464073181e-05	23.75882864	24.7319507599	-3.85902929306e-05	-3.84915351868e-05	-3.85569381714e-05	-3.85530138016e-05	-3.85902929306e-05	
28/07/2015	14:51:59	-0.0538948133686	4.72875013685	7.5586248234	-0.0538950153543	-0.0538948126045	-0.0538949414224	-0.053894891128	-0.0538949603649	-3.84169530869e-05	23.7589383125	24.7326111794	-3.85582232475e-05	-3.84516167641e-05	-3.85274839401e-05	-3.84803938866e-05	-3.85457968712e-05	
28/07/2015	14:52:04	-0.0538948427584	4.72897384582	7.55853703538	-0.0538950440794	-0.0538948452848	-0.053894968221	-0.0538949381696	-0.053894985146	-3.84574699402e-05	23.7590813637	24.7326517105	-3.86020112038e-05	-3.84862470627e-05	-3.85581922531e-05	-3.85320305824e-05	-3.85922002792e-05	
28/07/2015	14:52:10	-0.053894837968	4.72892898785	7.55867291551	-0.0538950543544	-0.0538948528802	-0.0538949673539	-0.0538949176746	-0.0538949921512	-3.84498286247e-05	23.7594652176	24.7336030006	-3.85956788063e-05	-3.84995365143e-05	-3.85544729233e-05	-3.85198092461e-05	-3.85852122307e-05	
28/07/2015	14:52:16	-0.0538948497183	4.7289760945	7.5585974193	-0.0538950746003	-0.0538948764517	-0.053894990178	-0.0538949431208	-0.0538950307674	-3.84557390213e-05	23.7593460083	24.7345089912	-3.86081290245e-05	-3.84949827194e-05	-3.8579351902e-05	-3.85446882248e-05	-3.85885071754e-05	
28/07/2015	14:52:22	-0.0538948569871	4.72885185487	7.55848860022	-0.053895051126	-0.0538948673119	-0.0538949896138	-0.053894958295	-0.053895009892	-3.844394207e-05	23.7597513199	24.7355341911	-3.8581943512e-05	-3.84943032265e-05	-3.85583972931e-05	-3.85191559792e-05	-3.85682082176e-05	
28/07/2015	14:52:28	-0.0538948305155	4.72910840756	7.55888631825	-0.0538950390607	-0.0538948664699	-0.0538949789531	-0.0538949095236	-0.053894992631	-3.84396743774e-05	23.7598347664	24.736468792	-3.85789823532e-05	-3.84645271301e-05	-3.85266590118e-05	-3.85220813751e-05	-3.85528206825e-05	
28/07/2015	14:52:34	-0.0538946995742	4.72881635378	7.55873912321	-0.0538949140658	-0.0538947276894	-0.0538948296414	-0.0538947858837	-0.0538948590219	-3.83209061623e-05	23.7600588799	24.7373437881	-3.84451723099e-05	-3.83385658264e-05	-3.84170484543e-05	-3.83751916885e-05	-3.84484434128e-05	
28/07/2015	14:52:40	-0.0538948636444	4.72902668216	7.55859018915	-0.0538950643959	-0.0538948962932	-0.0538950041931	-0.053894951204	-0.0538950204885	-3.84412384033e-05	23.7601971626	24.7380638123	-3.85589623451e-05	-3.84752488136e-05	-3.85367274284e-05	-3.85125279427e-05	-3.85628867149e-05	
28/07/2015	14:52:45	-0.0538948480412	4.72892680804	7.55879832757	-0.0538950585825	-0.0538948682738	-0.0538949833812	-0.0538949336956	-0.05389500561	-3.8433303833e-05	23.7612271309	24.7383546829	-3.85621476173e-05	-3.84575033188e-05	-3.85189819336e-05	-3.84862804413e-05	-3.85327172279e-05	
28/07/2015	14:52:51	-0.0538947572923	4.72896078201	7.55831032585	-0.0538949782765	-0.0538947899515	-0.0538948899376	-0.053894857937	-0.0538949035922	-3.83449792862e-05	23.7620854378	24.7391414642	-3.84869027138e-05	-3.83757185936e-05	-3.84535479546e-05	-3.84214997292e-05	-3.84855937958e-05	
28/07/2015	14:52:57	-0.0538948662187	4.72865368316	7.55866332172	-0.0538950793823	-0.0538949008347	-0.0538950198566	-0.0538949708461	-0.0538950282425	-3.84171509743e-05	23.76278162	24.7395563126	-3.85459971428e-05	-3.84498524666e-05	-3.85165643692e-05	-3.84773230553e-05	-3.8557767868e-05	
28/07/2015	14:53:03	-0.0538948712029	4.72867928954	7.55841208911	-0.0538950803858	-0.0538948861751	-0.0538949979541	-0.0538949693067	-0.0538950306506	-3.83952641487e-05	23.7648415565	24.7398805618	-3.85398054123e-05	-3.84260034561e-05	-3.85038328171e-05	-3.84475874901e-05	-3.8522799015e-05	
28/07/2015	14:53:09	-0.0538948952224	4.7288879432	7.55819934207	-0.053895103136	-0.0538949010026	-0.0538950337521	-0.0538949723399	-0.0538950330481	-3.84045982361e-05	23.7655115128	24.7398424149	-3.85367107391e-05	-3.84405684471e-05	-3.85177445412e-05	-3.8464114666e-05	-3.85334420204e-05	
28/07/2015	14:53:15	-0.0538948015679	4.72867549312	7.55887909898	-0.0538949819067	-0.053894815181	-0.053894934218	-0.0538948786108	-0.0538949381014	-3.83484864235e-05	23.7661886215	24.7403168678	-3.84989142418e-05	-3.83936142921e-05	-3.84570550919e-05	-3.84315490723e-05	-3.847209692e-05	
28/07/2015	14:53:21	-0.0538949199544	4.72860237287	7.55825617653	-0.0538950964726	-0.0538949160048	-0.053895039594	-0.0538950010028	-0.0538950506656	-3.84197425842e-05	23.7671709061	24.740562439	-3.85368156433e-05	-3.84256291389e-05	-3.84995365143e-05	-3.84792613983e-05	-3.85191559792e-05	
28/07/2015	14:53:27	-0.0538949367443	4.7289000973	7.55886952271	-0.0538951453061	-0.0538949536444	-0.0538950641458	-0.0538950190849	-0.0538950929506	-3.84617042542e-05	23.7685108185	24.7407197952	-3.85957813263e-05	-3.85035634041e-05	-3.85715818405e-05	-3.85264539719e-05	-3.85781216621e-05	
28/07/2015	14:53:32	-0.0538949075361	4.7289932518	7.5584382425	-0.0538950826911	-0.0538949139713	-0.0538950165889	-0.0538949878421	-0.0538950578058	-3.83864593506e-05	23.7696051598	24.7413945198	-3.85192275047e-05	-3.84237384796e-05	-3.84624314308e-05	-3.84375786781e-05	-3.8480091095e-05	
28/07/2015	14:53:38	-0.0538948866335	4.72876128137	7.55860117085	-0.0538951076487	-0.0538949219204	-0.0538950343607	-0.05389499904	-0.0538950512857	-3.83837962151e-05	23.7694430351	24.7414565086	-3.85159111023e-05	-3.84112668037e-05	-3.84884405136e-05	-3.84701275826e-05	-3.85224509239e-05	
28/07/2015	14:53:44	-0.0538949116454	4.72874372166	7.55870054416	-0.0538951327186	-0.0538949299309	-0.0538950456264	-0.0538949853973	-0.0538950593251	-3.8393471241e-05	23.7707400322	24.7419023514	-3.85072731972e-05	-3.84111309052e-05	-3.84935379028e-05	-3.84811115265e-05	-3.85131597519e-05	
28/07/2015	14:53:50	-0.0538947656389	4.72868480589	7.55891572662	-0.0538949708956	-0.0538947943236	-0.0538948956688	-0.0538948531577	-0.0538949388453	-3.8268828392e-05	23.7710952759	24.7435832024	-3.84133696556e-05	-3.83133029938e-05	-3.83767437935e-05	-3.83545064926e-05	-3.83970189095e-05	
28/07/2015	14:53:56	-0.0538949372918	4.72860677106	7.55891109655	-0.0538951091205	-0.0538949273502	-0.0538950588193	-0.0538950005905	-0.0538950698481	-3.83822965622e-05	23.7722277641	24.7450017929	-3.85307621956e-05	-3.84176135063e-05	-3.84843254089e-05	-3.84601259232e-05	-3.85189890862e-05	
28/07/2015	14:54:02	-0.0538949244621	4.72840434905	7.5585794931	-0.0538951277965	-0.0538949512618	-0.0538950683267	-0.0538950225473	-0.0538950826528	-3.83793854713e-05	23.7723469734	24.7461009026	-3.85095381737e-05	-3.83976984024e-05	-3.84624481201e-05	-3.84375929832e-05	-3.84905695915e-05	
28/07/2015	14:54:08	-0.0538948136862	4.7287629582	7.55856146905	-0.0538950182859	-0.053894834538	-0.053894954865	-0.053894910444	-0.0538949691864	-3.83090615273e-05	23.7728905678	24.7478628159	-3.84529471397e-05	-3.83443784714e-05	-3.84137058258e-05	-3.83731555939e-05	-3.84418272972e-05	
28/07/2015	14:54:14	-0.0538949229252	4.72870218733	7.5586106063	-0.0538951256419	-0.0538949333424	-0.053895057575	-0.0538949974369	-0.0538950738849	-3.83594298363e-05	23.7737560272	24.7493910789	-3.84765028954e-05	-3.83790516853e-05	-3.84549188614e-05	-3.84137153625e-05	-3.84765028954e-05	
28/07/2015	14:54:20	-0.0538949352679	4.72885977388	7.55853679721	-0.0538951398987	-0.0538949469428	-0.0538950587923	-0.0538950228275	-0.0538950881252	-3.83517003059e-05	23.774023056	24.7505617142	-3.84857749939e-05	-3.8388979435e-05	-3.84445714951e-05	-3.84229898453e-05	-3.84910082817e-05	
28/07/2015	14:54:25	-0.0538949541807	4.72884798454	7.55851814327	-0.0538951398137	-0.0538949547591	-0.0538950881851	-0.0538950175214	-0.0538950933674	-3.8358297348e-05	23.7744855881	24.7506690025	-3.84930276871e-05	-3.83838033676e-05	-3.84524774551e-05	-3.84243535995e-05	-3.847209692e-05	
28/07/2015	14:54:31	-0.0538948606047	4.72834690214	7.55884428196	-0.0538950730933	-0.053894884085	-0.0538950044611	-0.0538949442417	-0.0538950161463	-3.83301591873e-05	23.7748360634	24.7519373894	-3.84655427933e-05	-3.83635139465e-05	-3.84158372879e-05	-3.83988308907e-05	-3.8449845314e-05	
28/07/2015	14:54:37	-0.0538949466215	4.72851734223	7.55889563651	-0.0538951349154	-0.053894957014	-0.0538950780099	-0.0538950341873	-0.0538951028879	-3.83456325531e-05	23.7754940987	24.7523355484	-3.84666275978e-05	-3.83731007576e-05	-3.84378504753e-05	-3.84149599075e-05	-3.84430813789e-05	
28/07/2015	14:54:43	-0.0538949423397	4.7284976566	7.55900331347	-0.0538951548655	-0.0538949664681	-0.0538950704701	-0.0538950325443	-0.0538951011744	-3.8338778019e-05	23.7757563591	24.7535657883	-3.84623908997e-05	-3.83740973473e-05	-3.84251117706e-05	-3.84028744698e-05	-3.8453233242e-05	
28/07/2015	14:54:49	-0.05389496606	4.72854477255	7.55830340683	-0.0538951516619	-0.0538949810363	-0.053895086267	-0.0538950346239	-0.053895106512	-3.83249568939e-05	23.7762546539	24.7539496422	-3.84694981575e-05	-3.83543896675e-05	-3.84322190285e-05	-3.83962464333e-05	-3.84524941444e-05	
28/07/2015	14:54:55	-0.053894946052	4.72867031722	7.55850890245	-0.0538951454217	-0.0538949846073	-0.0538950937627	-0.0538950322636	-0.0538951081503	-3.83188176155e-05	23.777179718	24.7545003891	-3.84581255913e-05	-3.8348903656e-05	-3.84286928177e-05	-3.84025335312e-05	-3.84358882904e-05	
28/07/2015	14:55:01	-0.0538949747312	4.72856581717	7.55806115138	-0.0538951748201	-0.0538949903965	-0.0538951015405	-0.0538950524637	-0.0538951145427	-3.83137345314e-05	23.777384758	24.7555494308	-3.84340763092e-05	-3.83307385445e-05	-3.84039902687e-05	-3.83856773376e-05	-3.8435382843e-05	
28/07/2015	14:55:07	-0.0538948772602	4.72864294845	7.55845834802	-0.0538950635759	-0.0538948785627	-0.0538950054299	-0.0538949465302	-0.0538950079259	-3.82757782936e-05	23.7778830528	24.7559523582	-3.84000444412e-05	-3.82777404785e-05	-3.83496832848e-05	-3.83307170868e-05	-3.83895802498e-05	
28/07/2015	14:55:13	-0.0538949937222	4.7285379927	7.55846516368	-0.0538951800282	-0.0538950132653	-0.0538951113091	-0.053895063599	-0.0538951348245	-3.8309173584e-05	23.7784266472	24.7566127777	-3.84380173683e-05	-3.83444905281e-05	-3.84157800674e-05	-3.83791542053e-05	-3.84380173683e-05	
28/07/2015	14:55:18	-0.0538949581762	4.72861840011	7.55876537784	-0.053895177251	-0.0538950052339	-0.053895107863	-0.0538950699828	-0.0538951320763	-3.83243250847e-05	23.7800383568	24.7572135925	-3.84492468834e-05	-3.83602976799e-05	-3.84315872192e-05	-3.83949613571e-05	-3.84400892258e-05	
28/07/2015	14:55:24	-0.0538950145589	4.72905227615	7.55856823467	-0.053895228319	-0.0538950426079	-0.0538951675073	-0.0538951191249	-0.0538951707135	-3.83718967438e-05	23.7807488441	24.757745266	-3.85190534592e-05	-3.84104847908e-05	-3.8482427597e-05	-3.84529948235e-05	-3.85046648979e-05	
28/07/2015	14:55:30	-0.0538948460898	4.72877410372	7.55841387309	-0.0538950493953	-0.0538948617288	-0.0538949689309	-0.0538949212311	-0.0538949983962	-3.81881380081e-05	23.7813162804	24.7585582733	-3.83274459839e-05	-3.82149529457e-05	-3.82901668549e-05	-3.8250272274e-05	-3.82947444916e-05	
28/07/2015	14:55:36	-0.0538949630311	4.72876589582	7.55881385216	-0.0538951781061	-0.0538950008989	-0.0538951127215	-0.0538950427433	-0.0538951238041	-3.82979989052e-05	23.782479763	24.7596526146	-3.84431934357e-05	-3.83385491371e-05	-3.84026432037e-05	-3.83647084236e-05	-3.84203028679e-05	
28/07/2015	14:55:42	-0.0538949929456	4.72875773795	7.55869203594	-0.0538951995561	-0.0538950131472	-0.0538951354622	-0.053895073277	-0.0538951366322	-3.82995057106e-05	23.7832570076	24.7604846954	-3.84283494949e-05	-3.83335137367e-05	-3.83949923515e-05	-3.83773350716e-05	-3.84388136864e-05	
28/07/2015	14:55:48	-0.053895019258	4.72854137995	7.55850371194	-0.0538952205873	-0.0538950152422	-0.0538951439855	-0.053895100936	-0.0538951741038	-3.82876682281e-05	23.783698082	24.7614550591	-3.84295940399e-05	-3.83144831657e-05	-3.84138965607e-05	-3.83550333977e-05	-3.84204363823e-05	
28/07/2015	14:55:54	-0.0538948860851	4.7286332204	7.55829203071	-0.0538951044616	-0.0538949240089	-0.053895027937	-0.0538949965741	-0.0538950547304	-3.82220220566e-05	23.7840771675	24.7626566887	-3.83593678474e-05	-3.82449126244e-05	-3.83207798004e-05	-3.82939648628e-05	-3.83410549164e-05	
28/07/2015	14:56:00	-0.0538949919316	4.72854256891	7.55852418323	-0.0538952083408	-0.0538949944524	-0.0538951187167	-0.0538950958473	-0.0538951396181	-3.82561898232e-05	23.7845659256	24.7635555267	-3.8394844532e-05	-3.82882380486e-05	-3.83556008339e-05	-3.8335981369e-05	-3.8375222683e-05	
28/07/2015	14:56:05	-0.0538950069894	4.72873198582	7.55860185609	-0.0538952155367	-0.0538950272096	-0.0538951495329	-0.053895097838	-0.0538951487274	-3.82855463028e-05	23.7848782539	24.7645521164	-3.84242010117e-05	-3.83136701584e-05	-3.83725333214e-05	-3.83529114723e-05	-3.84202766418e-05	
28/07/2015	14:56:11	-0.0538949956842	4.72834402337	7.55894037655	-0.0538952055733	-0.0538950191038	-0.053895140137	-0.0538950962937	-0.0538951525138	-3.82733106613e-05	23.7854766846	24.764418602	-3.84015011787e-05	-3.83243250847e-05	-3.8377301693e-05	-3.83609509468e-05	-3.83995389938e-05	
28/07/2015	14:56:17	-0.0538949288704	4.72852750913	7.55882224684	-0.0538951453009	-0.0538949412411	-0.0538950608682	-0.0538950098484	-0.0538950903212	-3.82361268997e-05	23.7854838371	24.7654104233	-3.8369550705e-05	-3.82603263855e-05	-3.83440423012e-05	-3.83178806305e-05	-3.83525443077e-05	
28/07/2015	14:56:23	-0.0538950251731	4.72832542564	7.55860175699	-0.0538952468055	-0.0538950532319	-0.0538951532187	-0.0538951107137	-0.0538951845795	-3.82674360275e-05	23.7862586975	24.7659993172	-3.841132164e-05	-3.83014440536e-05	-3.83805823326e-05	-3.83563828468e-05	-3.84080529213e-05	
28/07/2015	14:56:29	-0.0538950344481	4.72862794961	7.55830076804	-0.0538952410116	-0.0538950566321	-0.0538951670796	-0.0538951186448	-0.0538951912411	-3.82555985451e-05	23.7867617607	24.7661209106	-3.84007930756e-05	-3.82850313187e-05	-3.83700537682e-05	-3.83556652069e-05	-3.83949065208e-05	
28/07/2015	14:56:35	-0.0538949323371	4.72844520608	7.55862302133	-0.0538951369602	-0.0538949511699	-0.0538950741207	-0.0538950355633	-0.0538950950366	-3.82137799263e-05	23.7872338295	24.7669124603	-3.83517813683e-05	-3.82667565346e-05	-3.83341217041e-05	-3.83046913147e-05	-3.83491635323e-05	
28/07/2015	14:56:41	-0.0538950377277	4.7283639424	7.55863849167	-0.053895245691	-0.0538950389453	-0.0538951599019	-0.0538951252776	-0.0538951867084	-3.82471179962e-05	23.787817955	24.7676992416	-3.83635354042e-05	-3.82758951187e-05	-3.83530712128e-05	-3.83229851723e-05	-3.83707308769e-05	
28/07/2015	14:56:47	-0.0538950378811	4.72817672872	7.55826951884	-0.0538952562768	-0.0538950691964	-0.0538951849809	-0.0538951306686	-0.0538952051576	-3.82424139977e-05	23.7882685661	24.7681283951	-3.83751821518e-05	-3.82842707634e-05	-3.83385562897e-05	-3.83189344406e-05	-3.83804130554e-05	
28/07/2015	14:56:53	-0.05389503538	4.72828829754	7.55862851232	-0.0538952478727	-0.0538950575323	-0.0538951654555	-0.0538951307767	-0.0538951974686	-3.82403492928e-05	23.7889504433	24.7682857513	-3.83744239807e-05	-3.82782816887e-05	-3.83338737488e-05	-3.83194851875e-05	-3.83619976044e-05	
28/07/2015	14:56:58	-0.0538950633774	4.72822940305	7.55841062818	-0.0538952633525	-0.0538951019327	-0.053895196058	-0.0538951424332	-0.0538952221915	-3.82378983498e-05	23.7889719009	24.7688436508	-3.83942127228e-05	-3.82679843903e-05	-3.83353495598e-05	-3.83052635193e-05	-3.83588933945e-05	
28/07/2015	14:57:04	-0.0538950545168	4.72803836966	7.55869415369	-0.0538952578424	-0.0538950623084	-0.0538951839208	-0.0538951315867	-0.0538952120381	-3.82350063324e-05	23.7897014618	24.7694420815	-3.83664655685e-05	-3.82572436333e-05	-3.83324551582e-05	-3.83095645905e-05	-3.83494615555e-05	
28/07/2015	14:57:10	-0.0538949811486	4.72818096684	7.55878406619	-0.0538951445003	-0.0538949672994	-0.0538950863088	-0.0538950457815	-0.0538951117791	-3.81665229797e-05	23.7902784348	24.7703623772	-3.83025622368e-05	-3.81959557533e-05	-3.82665896416e-05	-3.82378125191e-05	-3.82914423943e-05	
28/07/2015	14:57:16	-0.0538950614639	4.72831260905	7.55884187571	-0.0538952543121	-0.0538950797307	-0.0538952052602	-0.0538951607936	-0.0538952137103	-3.82267642021e-05	23.7913036346	24.7705006599	-3.83575725555e-05	-3.8250310421e-05	-3.83314108849e-05	-3.83052492142e-05	-3.83523392677e-05	
28/07/2015	14:57:22	-0.0538950556896	4.72835040221	7.55842771687	-0.053895268876	-0.0538950818059	-0.0538952100073	-0.0538951544126	-0.0538952157772	-3.82266521454e-05	23.7918257713	24.7715210915	-3.83483028412e-05	-3.82541227341e-05	-3.83195257187e-05	-3.82900929451e-05	-3.83587670326e-05	
28/07/2015	14:57:28	-0.0538950698624	4.7285150567	7.55835225034	-0.0538952776952	-0.0538950952912	-0.0538952090278	-0.0538951560718	-0.0538952384373	-3.82066559792e-05	23.7923073769	24.7720789909	-3.83642792702e-05	-3.82445907593e-05	-3.83256912231e-05	-3.82910275459e-05	-3.8347928524e-05	
28/07/2015	14:57:34	-0.0538950746604	4.72833261958	7.55836416371	-0.0538952648884	-0.0538950843964	-0.053895198779	-0.0538951524115	-0.0538952236446	-3.81862473488e-05	23.7929272652	24.7727799416	-3.83164000511e-05	-3.82143712044e-05	-3.82980871201e-05	-3.82523036003e-05	-3.83072423935e-05	
28/07/2015	14:57:40	-0.0538950866577	4.72828880035	7.55836551036	-0.0538952761548	-0.0538951055153	-0.0538952172737	-0.053895169514	-0.0538952382083	-3.81925797462e-05	23.7932085991	24.7734117508	-3.83469295502e-05	-3.82377076149e-05	-3.83220767975e-05	-3.83011484146e-05	-3.83312344551e-05	
28/07/2015	14:57:46	-0.0538950727442	4.72838385769	7.55855263752	-0.0538952852058	-0.0538951086586	-0.0538952099873	-0.053895171374	-0.0538952216994	-3.81985926628e-05	23.7939095497	24.7740459442	-3.83424806595e-05	-3.8234565258e-05	-3.83032369614e-05	-3.82914662361e-05	-3.83287453651e-05	
28/07/2015	14:57:51	-0.0538950738846	4.7286110779	7.55812222229	-0.0538951533439	-0.0538949611086	-0.0538950925467	-0.0538950363189	-0.0538951199807	-3.80827522278e-05	23.7945771217	24.7744750977	-3.82187891006e-05	-3.81010651588e-05	-3.81775856018e-05	-3.81429219246e-05	-3.82037472725e-05	
28/07/2015	14:57:57	-0.053895098708	4.7283879554	7.55845091206	-0.0538952875753	-0.053895124017	-0.0538952201329	-0.0538951736908	-0.0538952534443	-3.81942462921e-05	23.7955665588	24.7752380371	-3.8340845108e-05	-3.82368540764e-05	-3.82970261574e-05	-3.82747888565e-05	-3.83284187317e-05	
28/07/2015	14:58:03	-0.0538950956621	4.72820707633	7.55842421215	-0.0538953101806	-0.0538951251364	-0.0538952389206	-0.0538951747888	-0.0538952571418	-3.81907773018e-05	23.7956976891	24.7755265236	-3.83352327347e-05	-3.82227396965e-05	-3.8288795948e-05	-3.82659053802e-05	-3.8326728344e-05	
28/07/2015	14:58:09	-0.0538950023249	4.7282496268	7.55827027217	-0.0538952272317	-0.0538950140081	-0.0538951323797	-0.0538951010127	-0.05389515914	-3.81415510178e-05	23.7964987755	24.7760987282	-3.82860922813e-05	-3.8176214695e-05	-3.82416176796e-05	-3.821611166e-05	-3.8272356987e-05	
28/07/2015	14:58:15	-0.0538951050681	4.72848004144	7.55820288782	-0.0538953012074	-0.0538951082909	-0.0538952167692	-0.0538951952417	-0.0538952507495	-3.81677365303e-05	23.7972617149	24.7770047188	-3.82939648628e-05	-3.81847405434e-05	-3.8271727562e-05	-3.82416415215e-05	-3.82985424995e-05	
28/07/2015	14:58:21	-0.0538951220479	4.72839149754	7.55815245397	-0.0538953109424	-0.0538951507554	-0.0538952494349	-0.0538952082946	-0.0538952617849	-3.81723546982e-05	23.797326088	24.7776532173	-3.8310353756e-05	-3.82096338272e-05	-3.82868099213e-05	-3.82449507713e-05	-3.83175492287e-05	
28/07/2015	14:58:27	-0.0538951274002	4.72816733826	7.55837700538	-0.0538953195299	-0.053895144947	-0.0538952619286	-0.0538952037225	-0.0538952861356	-3.81579017639e-05	23.7978577614	24.7782039642	-3.83089828491e-05	-3.82036828995e-05	-3.82932853699e-05	-3.82618927956e-05	-3.83037495613e-05	
28/07/2015	14:58:33	-0.0538951082299	4.72790753247	7.55868162848	-0.0538953154601	-0.0538951303972	-0.0538952487958	-0.0538952147589	-0.0538952631005	-3.81632757187e-05	23.7988471985	24.7790527344	-3.83045458794e-05	-3.81979393959e-05	-3.8254840374e-05	-3.82443761826e-05	-3.82881951332e-05	
28/07/2015	14:58:39	-0.0538950147275	4.72789927828	7.558579677	-0.0538952264955	-0.0538950348773	-0.0538951611378	-0.0538951245083	-0.0538951708593	-3.80952882767e-05	23.7996125221	24.7798085213	-3.82516002655e-05	-3.81456494331e-05	-3.8202548027e-05	-3.81842374802e-05	-3.82352495193e-05	
28/07/2015	14:58:45	-0.0538951265033	4.72737891997	7.55914335046	-0.0538953337066	-0.0538951539077	-0.0538952696453	-0.0538952120212	-0.0538952956829	-3.81424736977e-05	23.7997126579	24.7802996635	-3.82922458649e-05	-3.8176484108e-05	-3.82471179962e-05	-3.82386159897e-05	-3.82994413376e-05	
28/07/2015	14:58:50	-0.0538951193724	4.72835137307	7.55818813754	-0.0538953148387	-0.0538951369869	-0.0538952651511	-0.0538952095397	-0.0538952801088	-3.81424021721e-05	23.8002800941	24.7812652588	-3.82745170593e-05	-3.81652927399e-05	-3.82424688339e-05	-3.82182693481e-05	-3.82777881622e-05	
28/07/2015	14:58:56	-0.0538951417309	4.72834176043	7.55839505562	-0.0538953345901	-0.0538951422969	-0.0538952606105	-0.0538952142237	-0.0538952998202	-3.81423258781e-05	23.8009977341	24.7817564011	-3.82711696625e-05	-3.81717562675e-05	-3.82554721832e-05	-3.82142686844e-05	-3.82855582237e-05	
28/07/2015	14:59:02	-0.053895045603	4.72842355752	7.55808114616	-0.0538952574283	-0.053895074325	-0.0538951966125	-0.0538951534656	-0.0538951926076	-3.80965185165e-05	23.8013720512	24.7823953629	-3.82332110405e-05	-3.81292200089e-05	-3.81978917122e-05	-3.81697702408e-05	-3.82227468491e-05	
28/07/2015	14:59:08	-0.0538951503708	4.72790926637	7.55841019416	-0.0538953503583	-0.0538951705931	-0.0538952784081	-0.0538952326472	-0.0538953078265	-3.8125910759e-05	23.8019609451	24.782910347	-3.8278298378e-05	-3.81533789635e-05	-3.82416749001e-05	-3.82109332085e-05	-3.82626032829e-05	
28/07/2015	14:59:14	-0.0538951644718	4.72866753408	7.55789547552	-0.0538953415754	-0.0538951729011	-0.0538953010977	-0.0538952356345	-0.0538953121369	-3.81301093102e-05	23.8028883934	24.7842144966	-3.82674574852e-05	-3.81575798988e-05	-3.82229828835e-05	-3.82072854042e-05	-3.82543754578e-05	
28/07/2015	14:59:20	-0.0538951383652	4.72825572893	7.5583661176	-0.0538953475861	-0.053895176917	-0.0538952795399	-0.0538952357443	-0.053895313485	-3.81221914291e-05	23.8037633896	24.7850370407	-3.82562685013e-05	-3.81548929214e-05	-3.82281446457e-05	-3.81967496872e-05	-3.82660770416e-05	
28/07/2015	14:59:26	-0.0538951588251	4.72847706342	7.55808574397	-0.0538953693354	-0.0538951744717	-0.0538952777082	-0.0538952424309	-0.0538953149258	-3.8116838932e-05	23.8045787811	24.7855830193	-3.82554936409e-05	-3.81397294998e-05	-3.82273697853e-05	-3.81953239441e-05	-3.82666134834e-05	
28/07/2015	14:59:32	-0.0538951726971	4.72859586237	7.55792997015	-0.0538953451988	-0.053895191594	-0.0538952850918	-0.0538952457842	-0.0538953032572	-3.81043434143e-05	23.8051581383	24.786221981	-3.82469201088e-05	-3.81370449066e-05	-3.81959056854e-05	-3.81952524185e-05	-3.82514977455e-05	
28/07/2015	14:59:38	-0.0538950665312	4.72823168324	7.55816162104	-0.0538952822771	-0.053895091376	-0.0538952025649	-0.0538951462702	-0.053895221435	-3.80639433861e-05	23.8062548637	24.7869420052	-3.82039070129e-05	-3.80796408653e-05	-3.81371951103e-05	-3.81221532822e-05	-3.81783986092e-05	
28/07/2015	14:59:44	-0.0538951745358	4.72778864915	7.55844845329	-0.0538953640557	-0.0538952006563	-0.0538953078273	-0.0538952581189	-0.0538953320053	-3.80953288078e-05	23.8063716888	24.787478447	-3.82424855232e-05	-3.81214904785e-05	-3.82065153122e-05	-3.81810069084e-05	-3.82261347771e-05	
28/07/2015	14:59:49	-0.0538951047032	4.72785801545	7.55839067523	-0.0538953001488	-0.0538950973962	-0.0538952248785	-0.0538951863107	-0.0538952405754	-3.80657410622e-05	23.8072443008	24.7882771492	-3.82043933868e-05	-3.80971336365e-05	-3.81815028191e-05	-3.81553411484e-05	-3.81900048256e-05	
28/07/2015	14:59:55	-0.0538951849626	4.72809290563	7.55844503027	-0.0538953843102	-0.0538952070942	-0.0538952953336	-0.0538952646562	-0.0538953273695	-3.80908155441e-05	23.807413578	24.7888088226	-3.82386255264e-05	-3.81352877617e-05	-3.82000374794e-05	-3.81634116173e-05	-3.82209658623e-05	
28/07/2015	15:00:01	-0.0538952216108	4.72804830718	7.55828191297	-0.053895416402	-0.0538952346151	-0.0538953497101	-0.0538952908207	-0.0538953581312	-3.81032419205e-05	23.8076591492	24.7890734673	-3.82418966293e-05	-3.81339812279e-05	-3.81993842125e-05	-3.81771469116e-05	-3.8229470253e-05	
28/07/2015	15:00:07	-0.053895175376	4.72798315212	7.55872959963	-0.0538953832937	-0.0538951941591	-0.0538953105428	-0.0538952562712	-0.0538953248662	-3.80834197998e-05	23.807952404	24.7894763947	-3.8214225769e-05	-3.80992674828e-05	-3.8172519207e-05	-3.81385111809e-05	-3.81999897957e-05	
28/07/2015	15:00:13	-0.0538950356663	4.72806342875	7.55867790847	-0.0538952559423	-0.0538950715524	-0.0538951846574	-0.0538951310692	-0.0538951951099	-3.79401564598e-05	23.808259964	24.7896790504	-3.80990862846e-05	-3.79865932465e-05	-3.80604982376e-05	-3.80173325539e-05	-3.80690002441e-05	
28/07/2015	15:00:19	-0.0538951961526	4.7281814569	7.55853474782	-0.0538953778319	-0.0538952150517	-0.0538953111675	-0.0538952738982	-0.0538953444831	-3.80353307724e-05	23.8087487221	24.7906374931	-3.81772565842e-05	-3.80673789978e-05	-3.81275510788e-05	-3.81046581268e-05	-3.81576347351e-05	
28/07/2015	15:00:25	-0.0538952210256	4.72820001867	7.55812240114	-0.0538954033834	-0.0538952262094	-0.0538953379926	-0.0538953019968	-0.0538953549176	-3.80738306046e-05	23.8088583946	24.7912955284	-3.82066011429e-05	-3.80914902687e-05	-3.81680130959e-05	-3.81562399864e-05	-3.8202021122e-05	
28/07/2015	15:00:31	-0.0538952387408	4.72796639828	7.55850032545	-0.0538954315269	-0.0538952373403	-0.0538953517044	-0.0538953046762	-0.0538953654382	-3.80679392815e-05	23.8088941574	24.7924876213	-3.82183647156e-05	-3.8095407486e-05	-3.81850099564e-05	-3.81411886215e-05	-3.81935119629e-05	
28/07/2015	15:00:37	-0.0538952220111	4.72792741112	7.5583085737	-0.0538954115165	-0.0538952317098	-0.0538953310582	-0.0538953128411	-0.0538953728928	-3.80507040024e-05	23.8087916374	24.7935032845	-3.82024383545e-05	-3.80906009674e-05	-3.81631970406e-05	-3.81239557266e-05	-3.8193936348e-05	
28/07/2015	15:00:42	-0.0538952152818	4.72807532899	7.55845161371	-0.0538954153169	-0.0538952374817	-0.0538953597304	-0.0538953100676	-0.0538953655485	-3.80580401421e-05	23.8097691536	24.7948622704	-3.81953859329e-05	-3.80809307098e-05	-3.81633400917e-05	-3.81234431267e-05	-3.81888461113e-05	
28/07/2015	15:00:48	-0.0538952735359	4.72795430271	7.55841614575	-0.0538954643817	-0.0538952904574	-0.0538953970381	-0.0538953584263	-0.0538954211831	-3.81089520454e-05	23.810942173	24.7950100899	-3.8252184391e-05	-3.81455779076e-05	-3.82103276253e-05	-3.81965923309e-05	-3.82404112816e-05	
28/07/2015	15:00:54	-0.0538952237134	4.72792268997	7.55862222748	-0.0538954289364	-0.0538952484775	-0.0538953609068	-0.0538953144585	-0.0538953863777	-3.80274677277e-05	23.8112020493	24.7977304459	-3.81811666489e-05	-3.80686712265e-05	-3.81478095055e-05	-3.81275343895e-05	-3.81739711761e-05	
