data	hora	H7DC_51_D	H7DC_49_D	H7DC_35_D	H7DC_34_D	H7DC_48_D	H7DC_50_D	H7DC_41_D	H7DC_54_D	H7DC_51_T	H7DC_49_T	H7DC_35_T	H7DC_34_T	H7DC_48_T	H7DC_50_T	H7DC_41_T	H7DC_54_T
2018/08/27	14:15:34	4.992308082698749	4.992584540157208	4.992048643446864	4.992033599444258	4.992561121173507	4.992192388230405	8.73892129557762	6.605313688037253	-0.7106343995428086	-0.7110946103906632	-0.7110639296674728	-0.7111968856811524	-0.7103275923109055	-0.7112889278507233	22.971644477539062	22.603288508911135	
2018/08/27	14:15:35	4.992379694762132	4.992652560020707	4.992104921963102	4.992068776990139	4.992599766618446	4.992249240267425	8.738877770236858	6.6056448155025596	-0.7115441594076157	-0.7118407335186006	-0.7120146033763886	-0.7123827720546723	-0.7113293943452835	-0.7121270931482315	22.9717327545166	22.603951779174807	
2018/08/27	14:15:36	4.992232134728948	4.992558196747568	4.991996086531316	4.991984277978448	4.992484736817963	4.992159810702468	8.738827571950893	6.605942183455038	-0.7113079961252213	-0.7119932051563262	-0.7119318437099458	-0.7124227352809906	-0.7111955063533784	-0.712187503976822	22.97270380126953	22.604371691284182	
2018/08/27	14:15:37	4.992191592709453	4.992509545561903	4.991963115591148	4.991961754248293	4.992472380287684	4.992110882919427	8.738543610423319	6.6061033514054985	-0.7110111610603334	-0.7114611387872696	-0.7117474984169007	-0.7119315827560425	-0.7109293520116806	-0.7118804544305801	22.97283740966797	22.604741500244142	
2018/08/27	14:15:38	4.992191926110583	4.992511122231343	4.991935732904843	4.9919383912743065	4.992452067963312	4.992100804697964	8.738128918389187	6.6060465398779105	-0.7111233153200149	-0.7116346731328964	-0.7119926086902619	-0.7121357791852951	-0.7110926345968247	-0.7119926086902619	22.973476821289065	22.60499201599121	
2018/08/27	14:15:38	4.992229025784895	4.992516983682164	4.991966667754373	4.991962310657309	4.992484346902401	4.992143498566547	8.738183915825067	6.606314050032647	-0.7107537673139572	-0.7109378516530991	-0.7113060203313828	-0.7115309998750687	-0.7105185546493531	-0.7114185101032258	22.97425222717285	22.606461708374024	
2018/08/27	14:15:39	4.992398706705913	4.992693301122738	4.992149131016401	4.9921543143486735	4.9926502481439945	4.992302053339682	8.738248088872181	6.606520291266022	-0.7095466877555847	-0.7097921335411073	-0.7100477938079834	-0.7102830064725876	-0.709403498620987	-0.7102727919912338	22.974359591064456	22.606254138183594	
2018/08/27	14:15:40	4.992318700714291	4.992621244534066	4.992055004921412	4.9920546753925725	4.992562458514518	4.992233746122521	8.739781076437156	6.607166203263324	-0.7088637527513504	-0.7093341967201233	-0.7095694093847276	-0.7097330461215974	-0.7088944334745407	-0.709681917796135	22.975189871826174	22.606867305297854	
2018/08/27	14:15:41	4.992308206400161	4.9926035090425875	4.992055328810578	4.9920387422166925	4.99255510860123	4.992189423026793	8.737633362022086	6.606654564687956	-0.7106752015495301	-0.711166093120575	-0.7111967738437652	-0.71149334795475	-0.7107160967540741	-0.7113399443387985	22.97557399597168	22.60733016296387	
2018/08/27	14:15:42	4.992182937550187	4.99247965823734	4.99193449386844	4.9919142616711705	4.992437803578366	4.992061487685367	8.73688951836218	6.606614962235381	-0.7106118643093109	-0.7112561594963074	-0.7113072878217697	-0.7114709245586395	-0.710560717344284	-0.7114402438354492	22.975678973999024	22.6084085736084	
2018/08/27	14:15:43	4.99220993643792	4.992493638699733	4.991962868472078	4.991922295191107	4.992408617940231	4.99208199236068	8.736610374711232	6.60668123435285	-0.7106810916519165	-0.7108447283887863	-0.7111413024997711	-0.7114583428525925	-0.7106299633264541	-0.7114276621294022	22.976051168823243	22.60921499572754	
2018/08/27	14:15:44	4.99218070663803	4.992478589783145	4.991927234480377	4.991919154299281	4.9923966268899225	4.9920526129291085	8.7367186881065	6.60699637837026	-0.7109275626134872	-0.7112957312917709	-0.7113673258590698	-0.711735475897789	-0.7107434782743454	-0.7119502409601212	22.976516412353515	22.60997608642578	
2018/08/27	14:15:45	4.992150567183695	4.992457055061717	4.991907522890694	4.9919119443282645	4.992410554853001	4.992069961416282	8.737126944636747	6.607275897961257	-0.7107984836292267	-0.7112586944770813	-0.7115757348299027	-0.7116268817949296	-0.7107268890619278	-0.7117086908435821	22.9769243951416	22.610155026245117	
2018/08/27	14:15:46	4.9921440202515335	4.992445999688076	4.9918953102403565	4.99188952858	4.99238782969385	4.992037422830173	8.736978239984081	6.607502236330233	-0.7104690479660034	-0.7108270021629334	-0.7111133431529999	-0.7112360660457611	-0.7105406425333023	-0.7113894696617127	22.97704607421875	22.61062504150391	
2018/08/27	14:15:47	4.992364314628913	4.992652056925521	4.99208539647444	4.9920766049947884	4.992578454200384	4.992208371148098	8.736405750772159	6.607549270649456	-0.7088326246786119	-0.709221259598732	-0.7096303234815597	-0.709753046374321	-0.7090269421386719	-0.7095791951560975	22.977599594726563	22.61088271484375	
2018/08/27	14:15:48	4.9922759614471275	4.992579665863647	4.992031835494386	4.991998533547776	4.992536686155911	4.992158708971165	8.736262205943431	6.607607663368749	-0.7097840439701081	-0.7103056162643433	-0.7107658271121979	-0.7107453795099259	-0.7099169999837875	-0.7106021903753281	22.97761390991211	22.61138613220215	
2018/08/27	14:15:49	4.992256176840294	4.992567547694169	4.992014551567515	4.991977472346939	4.992503364269448	4.99213404308669	8.736059630342742	6.607653480982728	-0.7100809349536896	-0.7104082084274292	-0.7108888668775559	-0.710991142168045	-0.7102138909673691	-0.7110013566493989	22.978067224121094	22.611717767333985	
2018/08/27	14:15:49	4.99213292597656	4.9924370117176124	4.991879176801456	4.991863121183089	4.992371593446555	4.99205109997052	8.736992955692937	6.60814078301368	-0.7103340043210984	-0.7107021729993821	-0.7110396609544753	-0.7112135308122636	-0.7104260464906693	-0.711193064570427	22.978062452392578	22.612032701416016	
2018/08/27	14:15:50	4.992119727191323	4.992410587163413	4.991850998396501	4.991828525424028	4.992336648808098	4.991988198602921	8.735978345538841	6.607798852104076	-0.7106536542129517	-0.7108070578289032	-0.7109399952030182	-0.7110729512166978	-0.7101525295209885	-0.7115945235109329	22.978219919433595	22.61211620666504	
2018/08/27	14:15:51	4.992103027860153	4.992418407678654	4.9918485341060626	4.99183437435937	4.992358331138865	4.9920010667018	8.736157155500946	6.608139818086653	-0.7103362410688401	-0.7109805362558366	-0.71115438747406	-0.7112771103668213	-0.710428283238411	-0.7110930260276795	22.97838692993164	22.612404896240236	
2018/08/27	14:15:52	4.992126422289191	4.992429454105996	4.991890680408182	4.991861204215764	4.992381059683817	4.992020480604222	8.735357183180199	6.608156253215874	-0.7101527718353271	-0.7105209591531754	-0.7106334489250183	-0.7108482139873504	-0.7100402820634842	-0.7109607037591934	22.9787400378418	22.61320893249512	
2018/08/27	14:15:53	4.9921884298757675	4.9924985849458565	4.991949860586638	4.991940815255621	4.992456421742907	4.992078528835081	8.735057745321319	6.608118201117335	-0.7094658106851578	-0.7097623847961426	-0.7099873643398285	-0.7100589589071273	-0.7092919408273697	-0.7100078305816651	22.978604043579104	22.613290051879883	
2018/08/27	14:15:54	4.992245538675982	4.992534351203655	4.9919715478492215	4.991951916995104	4.992460746591646	4.9921129468474525	8.734787309480012	6.60833238829771	-0.7096426442337036	-0.7097653671264649	-0.7098164954519273	-0.7101539834070205	-0.7092335617113114	-0.7102358110952378	22.97912893371582	22.61389367553711	
2018/08/27	14:15:55	4.992061165948457	4.992330708322919	4.991784333589895	4.9917710158828195	4.9922882505520265	4.991928153003367	8.73479517493336	6.608391631937943	-0.7097002032089234	-0.7100376911640167	-0.7104160743236543	-0.7108047092437744	-0.7097615646553039	-0.7105183496141434	22.978837858276368	22.61369803466797	
2018/08/27	14:15:56	4.992074185484439	4.992358723673025	4.99183650676205	4.991834960241241	4.992322284265396	4.991968784373194	8.735093494157123	6.608791259011659	-0.7097742581987381	-0.7102344690465927	-0.7106537846899033	-0.7104901479530334	-0.7095799593782426	-0.7107560599803925	22.979508286132813	22.614151348876955	
2018/08/27	14:15:57	4.992063398132624	4.992379110164044	4.9917963635797085	4.991806174022916	4.992294141375722	4.991955944368364	8.73440932651222	6.6088004480130165	-0.7096517403411866	-0.710408525300026	-0.7104903529882431	-0.7106130758810043	-0.7095596981716157	-0.7106437566041947	22.979851850585938	22.614564103393555	
2018/08/27	14:15:58	4.992065702424471	4.992377074084769	4.991796409052641	4.9917879115496415	4.992312927162861	4.9919429989438635	8.734191809328875	6.608811438982247	-0.7097132695436478	-0.710101904463768	-0.7101837135124207	-0.7104496069002152	-0.7095700990486145	-0.710500753865242	22.980274148559573	22.615088993530275	
2018/08/27	14:15:59	4.992036166695584	4.992306857065483	4.991783680207547	4.991765076237508	4.992251885835485	4.9919028277707245	8.733897157351148	6.6088892161756165	-0.7099074751663208	-0.7102858583259583	-0.710122240228653	-0.7104904089069366	-0.7096824769830704	-0.7106335794019699	22.98014292602539	22.615489818725585	
2018/08/27	14:16:00	4.992066539345275	4.992356415177518	4.99180135615901	4.991808786076064	4.9923034577706105	4.991958248502078	8.734507736328455	6.609165725800319	-0.708998088092804	-0.7094992127847672	-0.7094480658197403	-0.709795786895752	-0.708885598320961	-0.7100514658021927	22.98098275024414	22.615990850219728	
2018/08/27	14:16:01	4.992191745284185	4.992491426528696	4.991932534888597	4.991923953882263	4.992406495566538	4.992065098791009	8.73334842787221	6.609045016944415	-0.7088235285711288	-0.7090996550798416	-0.7094064623117446	-0.7096212273740768	-0.7085985303878785	-0.7096519080972672	22.981746226806642	22.61651096862793	
2018/08/27	14:16:01	4.991993989646895	4.992339852055771	4.991753888479329	4.991734461147188	4.992238634773233	4.991908381830434	8.733725200278608	6.60934024938403	-0.7094465560150147	-0.7098965337419509	-0.7099681283092498	-0.7104078915548324	-0.709477236738205	-0.7104487867593765	22.982562192382815	22.616573001098633	
2018/08/27	14:16:02	4.992008226810363	4.992332700784825	4.991763072270722	4.991739545862633	4.992256796748339	4.991880813958511	8.733539846217992	6.609485196880657	-0.7096215628862381	-0.7098976893949509	-0.7098670086717606	-0.7103272195196152	-0.7092636273288727	-0.7102556435918808	22.983163430175782	22.617477243652345	
2018/08/27	14:16:03	4.9920458033995105	4.992343720469169	4.991782993875135	4.991769973563962	4.992309466040713	4.9919347653097965	8.733224636958408	6.609522496640095	-0.7094051389026642	-0.7098244359064103	-0.7099573919200897	-0.7101210286569596	-0.7092006069612503	-0.7099471587991715	22.984160721435547	22.617484401245118	
2018/08/27	14:16:04	4.9920334853694985	4.992356004016491	4.991792369449601	4.9917542773663275	4.992267336802715	4.991909648835257	8.732886505386425	6.609553823705828	-0.7096140511417389	-0.709920858373642	-0.7101151758337021	-0.7102685794496537	-0.709522008972168	-0.7103810692214967	22.98481206237793	22.61784466674805	
2018/08/27	14:16:05	4.992064375873068	4.992341586996943	4.991796669169644	4.991791502044123	4.992298136810953	4.991925594283266	8.732804637066176	6.609647996345194	-0.7093342526388169	-0.7097842303657532	-0.709968314704895	-0.7102955881786346	-0.7092115297460556	-0.7102955881786346	22.985277305908205	22.618264578857424	
2018/08/27	14:16:06	4.992006542024783	4.992295235254728	4.991737372554067	4.991704160651803	4.992240401417358	4.991875368454066	8.73174465136475	6.609621970567683	-0.7094172732591629	-0.7095809099960327	-0.7099695262765885	-0.7100308877229691	-0.7090184238576889	-0.7101740768575668	22.985983521728517	22.618569969482422	
2018/08/27	14:16:07	4.992193648922758	4.992485386949152	4.991938738755311	4.9919210026657845	4.992454643607963	4.992090290878001	8.734417406771513	6.610321585047264	-0.7072571714067459	-0.707962828040123	-0.7081878262233734	-0.7081571455001832	-0.7074821695899964	-0.7085150810575486	22.986642020263673	22.61914973449707	
2018/08/27	14:16:08	4.991989753886326	4.992302124470484	4.99174286024222	4.991724196921986	4.992248462835342	4.99187056452871	8.73230886232053	6.609920920211304	-0.7078412421607971	-0.7082400915622711	-0.7085162180709839	-0.7085571319150925	-0.707718519268036	-0.7087616638565064	22.986749384155274	22.619183136596682	
2018/08/27	14:16:09	4.992166552075715	4.992459423335698	4.991935233592254	4.991915619335218	4.992381528021858	4.992070405385185	8.733354024930767	6.610402621982182	-0.7085345407629013	-0.7089640708875656	-0.7090560944175721	-0.7094038154935838	-0.7083811371469497	-0.709148136587143	22.987667941894532	22.619932297973634	
2018/08/27	14:16:10	4.991936454547264	4.992230419472918	4.991689827822559	4.991675374320736	4.992201242725039	4.991852119591987	8.733455231975737	6.610319074247329	-0.708443244175911	-0.7086477947568894	-0.709240942978859	-0.7093023044252396	-0.7082796260786057	-0.7095273026084901	22.988135571289064	22.620316422119142	
2018/08/27	14:16:11	4.991907606541473	4.9922198487380935	4.991649229315081	4.991629324683821	4.99215220277356	4.991790293656938	8.731517251220062	6.610171543581442	-0.7087227258062363	-0.709111342086792	-0.7094590631628037	-0.7094590631628037	-0.7084363661766053	-0.7092851933050156	22.988679548339846	22.62056932373047	
2018/08/27	14:16:12	4.9919473403248675	4.992222306443609	4.991681797801944	4.991684838233393	4.992193705040809	4.991835269980766	8.731852884411394	6.610383197856654	-0.7088338362503053	-0.7092735994958879	-0.7095804067277909	-0.7095701736068726	-0.7087622416830064	-0.7097133441019059	22.989421552124025	22.621261224365234	
2018/08/27	14:16:13	4.991932372867631	4.992272093133185	4.99169820959492	4.991680028256031	4.992235202621427	4.991857335192654	8.732144029471907	6.6106894112395915	-0.7087509274673462	-0.7092520521593094	-0.7092213714361191	-0.709732710609436	-0.7087611605882644	-0.7098145382976533	22.990249447021487	22.621363816528323	
2018/08/27	14:16:14	4.9919303691850825	4.992217275466821	4.991673530607084	4.991656237302881	4.992181152387441	4.991807507131416	8.731131072226251	6.6104837281562	-0.7087515798521042	-0.709027706360817	-0.7093038328695298	-0.7094572364854813	-0.7084447539806367	-0.7095185979318619	22.990399756469728	22.621955510864257	
2018/08/27	14:16:14	4.992207138058175	4.992513293081855	4.991962416962323	4.991932313842939	4.992446207961501	4.9920717746124605	8.731189020940075	6.610623421863883	-0.7069299724912643	-0.7072674604463578	-0.7077788182592393	-0.7077890327405929	-0.7068174827194214	-0.7076356291246415	22.991156075439456	22.622823965454103	
2018/08/27	14:16:15	4.992004278187328	4.99228995551943	4.991720551795214	4.991742103430428	4.992244565933043	4.991851216418938	8.730435817199321	6.610629113011343	-0.7079105627012253	-0.7081048615217209	-0.7084730302000046	-0.7086877952623367	-0.707879881978035	-0.7086571145391465	22.991339786987307	22.62265218322754	
2018/08/27	14:16:16	4.991907255670121	4.992207877442409	4.991648872532971	4.991644259690541	4.992157323965601	4.991801665383651	8.731124152814399	6.610905508639016	-0.7083829638242722	-0.7087204517793655	-0.7088022608280182	-0.7090067927694321	-0.7081784132432938	-0.7090272590112686	22.99203407348633	22.623434746704103	
2018/08/27	14:16:17	4.991904672535723	4.9921837291276585	4.991642825280742	4.991636993445149	4.992166527330322	4.9917833655540065	8.73073209007746	6.6108956394001055	-0.7081798671293259	-0.7086093972539902	-0.7088139478349686	-0.70896735145092	-0.7080776104784012	-0.708793481593132	22.992482615966797	22.623821256713867	
2018/08/27	14:16:18	4.99194057848913	4.992240331328838	4.991670213454443	4.991652779533874	4.992161659658371	4.991830780961642	8.730118145500382	6.610542619817473	-0.7083534201145172	-0.7087318219137192	-0.7092227134847642	-0.7090181629037857	-0.7081897833776474	-0.7089772676992416	22.992847653198243	22.62441056518555	
2018/08/27	14:16:19	4.991894394413723	4.992212232739881	4.991649106822931	4.991645163916125	4.992174371321986	4.9918049112271206	8.730834600475788	6.6110246036227025	-0.7082604832458497	-0.7084548007059097	-0.7088638645887375	-0.7089559067583084	-0.7079741236162186	-0.7087411416959764	22.993064766845706	22.625150183105468	
2018/08/27	14:16:20	4.991879873551749	4.9921724777618985	4.991630847705644	4.991610304712917	4.9921233606253095	4.991753923265757	8.731013369913665	6.611051842485209	-0.7079836670732498	-0.7084234116792679	-0.7084131971979142	-0.7088529418039322	-0.7079938815546036	-0.7087711327552796	22.993358228149415	22.625066677856445	
2018/08/27	14:16:21	4.991914947134707	4.992196597216314	4.991670550701757	4.991639120684139	4.992149307495704	4.991774480269625	8.72977004104087	6.611348049913197	-0.708158916258812	-0.7084248096466065	-0.7087009361553193	-0.7089975289058685	-0.7079236849546433	-0.70895661506176	22.994152720947266	22.625756192626955	
2018/08/27	14:16:22	4.9920349731046265	4.992327600650865	4.9917600027382605	4.991762827584054	4.9922788245065695	4.991946467509233	8.731796111103186	6.611711207699129	-0.7074500908994674	-0.7075319185876847	-0.7077978119754791	-0.7080228101587296	-0.7072353258371353	-0.7081966613769531	22.99436744873047	22.62578243713379	
2018/08/27	14:16:23	4.991948657125253	4.992236999023345	4.991665431780894	4.991675496863324	4.992185421261626	4.991833999014775	8.729359287859584	6.611186225873679	-0.7076379031515121	-0.7080265194320678	-0.7083946881103516	-0.7083026459407806	-0.7074947140169143	-0.7083640073871613	22.994675225219726	22.626421848754884	
2018/08/27	14:16:24	4.991866096184526	4.992151901180511	4.99160492662788	4.991592637735615	4.992109335985941	4.991771397725754	8.730582651408028	6.611962343293384	-0.7081194563007355	-0.7087126231622696	-0.708671709318161	-0.7087739846086503	-0.7080580948543549	-0.708917173743248	22.995123767700196	22.62664373413086	
2018/08/27	14:16:25	4.99185668365617	4.992176533882889	4.991617901299699	4.991615185400901	4.992143856230509	4.991768428087454	8.730139993771418	6.611828806968519	-0.7076343243551255	-0.7078184086942674	-0.708339962348938	-0.7084933659648895	-0.7073275171232224	-0.7084933659648895	22.99550312011719	22.627254515380862	
2018/08/27	14:16:25	4.991824179810488	4.992107784337802	4.991555642895638	4.991550868005817	4.992082338080188	4.991691743298184	8.7303804780985	6.612134765757903	-0.7077303367519379	-0.707985997018814	-0.7082928228902817	-0.7084666741085053	-0.7074644247245789	-0.708456440987587	22.996187863159182	22.627729302368166	
2018/08/27	14:16:26	4.9918112311218525	4.9921179997131855	4.9915617956963425	4.991521110803685	4.992077411110339	4.991684794043167	8.729305645129921	6.612039072700556	-0.7079240577459336	-0.708261545701027	-0.7082820119428634	-0.708639947500229	-0.7078831439018249	-0.7085785860538483	22.996020852661132	22.627717373046877	
2018/08/27	14:16:27	4.991852607095565	4.992128485984608	4.991553594930745	4.991545925700747	4.992083787278944	4.991706794982788	8.729732508809079	6.612087761892465	-0.7075952371883393	-0.7080247673130036	-0.7080656625175477	-0.7083111083030701	-0.7073497914028168	-0.7083622552680969	22.996738997802737	22.628363942260744	
2018/08/27	14:16:28	4.99191079299049	4.992247963464806	4.991660003624827	4.991651156213609	4.992171844384323	4.991824083547694	8.729262917720918	6.612074200537595	-0.7069309231090546	-0.7069820514345169	-0.7074320478010178	-0.7076161321401596	-0.7065832020330429	-0.7076161321401596	22.997070632934573	22.628686033935548	
2018/08/27	14:16:29	4.991777978979196	4.992064330126938	4.9915193572847905	4.991508164172875	4.992005267871337	4.991638970994891	8.729376227289187	6.612125526435288	-0.7073103314447403	-0.7077807754135133	-0.7080671164035797	-0.7082000724172592	-0.7071569278287888	-0.7082614338636399	22.997504860229494	22.628853044433594	
2018/08/27	14:16:30	4.991756626432552	4.992043826862383	4.991503601850139	4.991483550193496	4.992022714942839	4.99164916109574	8.729487296345127	6.612411484868015	-0.7069191988229752	-0.7073384958267213	-0.7074918994426728	-0.7077884735536575	-0.7068578373765946	-0.7076555175399781	22.99841626037598	22.62981693359375	
2018/08/27	14:16:31	4.991789798098757	4.992085767222377	4.991517606542943	4.991508535264343	4.992023468377339	4.9916724847036305	8.728608386328387	6.612403445179574	-0.7071854650020599	-0.7077274848985673	-0.7076149951267243	-0.7077581656217575	-0.7070729565906525	-0.7080854204559326	22.998812313842773	22.63010085144043	
2018/08/27	14:16:32	4.991723570989292	4.992022927433183	4.991468342165605	4.991444159939445	4.991947878470771	4.991611747699918	8.727793531408505	6.612142408432473	-0.7069310349464417	-0.7072583084201813	-0.7074935210847855	-0.7078105614376069	-0.7068287782955169	-0.7076162439775467	22.99943025268555	22.630759349975587	
2018/08/27	14:16:33	4.991763497435502	4.992047691165882	4.991496064537482	4.991483341032421	4.99198886264011	4.991639853024851	8.728228070075197	6.612338230605822	-0.7070934973907471	-0.7078605154705048	-0.7080343666887283	-0.7080241335678101	-0.7069912221002579	-0.7079730052423477	23.00012692504883	22.63097646362305	
2018/08/27	14:16:34	4.991818035145565	4.992081691777665	4.991540069854896	4.991528592957126	4.992037896219695	4.991672471292788	8.727877999064141	6.612522498912478	-0.7069194970560074	-0.7074410693502426	-0.7074717500734329	-0.7078296856307984	-0.7070319868278503	-0.7077683241844177	23.001486867675784	22.631763798828125	
2018/08/27	14:16:35	4.991885964525733	4.9921659513965775	4.991612755817322	4.991612469817504	4.992125055798437	4.991749952793387	8.729291093172726	6.612871279673198	-0.7057835647153854	-0.7061824141168594	-0.7064585406255722	-0.7070312412452697	-0.7057222032690049	-0.7066733056879044	23.001417677612306	22.63188070617676	
2018/08/27	14:16:36	4.991717829091106	4.991989867781984	4.991441826447776	4.991415602521065	4.991962203200395	4.991601875512522	8.72881421272761	6.6131048094450255	-0.707758109703064	-0.7080137699699403	-0.7083512579250336	-0.7083717241668701	-0.7074308362293243	-0.7084535332155228	23.002479387207032	22.632376965942385	
2018/08/27	14:16:37	4.991749513216039	4.992063748757915	4.991508009171854	4.991493785530626	4.992017813049313	4.99164687724294	8.728303549777532	6.6130993665118805	-0.7066533427143098	-0.7070624252367019	-0.7072465095758438	-0.7074101463127136	-0.7066328951120378	-0.7072771902990341	23.00290884277344	22.632768247680666	
2018/08/27	14:16:37	4.991762591436917	4.992023665485933	4.991467055190945	4.991457317563233	4.991996287375425	4.991625923938325	8.728131738548104	6.613104656571742	-0.706757761554718	-0.7071463778352738	-0.7070850163888931	-0.7073509284162521	-0.7066554862642289	-0.7077906916618347	23.00311641296387	22.633073638305664	
2018/08/27	14:16:38	4.991747732648824	4.992042441201726	4.991485029495301	4.991485842072896	4.991991857917199	4.991639590905678	8.72803876083115	6.6132467717639205	-0.7064383353376389	-0.7066121865558624	-0.7069292269086838	-0.7072258010196686	-0.706346293168068	-0.7072871624660493	23.003882275390627	22.63334085510254	
2018/08/27	14:16:39	4.991750003109749	4.9920558401703765	4.991483308158912	4.99146116037652	4.991977744575749	4.991623662143522	8.727425614573486	6.613189060659676	-0.7064896686983109	-0.7068782849788666	-0.7070316885948181	-0.707328262705803	-0.7061623952245712	-0.7071850922107696	23.003896590576172	22.633643859863284	
2018/08/27	14:16:40	4.991637460206245	4.991948991494177	4.991393794137696	4.99137246456566	4.991890132195674	4.991530490235673	8.726576184032629	6.612983883396881	-0.7060715459871292	-0.7066442652463913	-0.706726074295044	-0.7069715200805664	-0.7060613315057755	-0.7069817532014847	23.004459654541016	22.634051842651367	
2018/08/27	14:16:41	4.991727801181701	4.992043191023502	4.991463472052188	4.991467060668528	4.991957615832	4.991597511200738	8.726033967231901	6.613140335739077	-0.706020529499054	-0.7064705258655548	-0.7063478029727936	-0.7065421017932891	-0.7056932746648789	-0.7064705258655548	23.00485809387207	22.634488455810548	
2018/08/27	14:16:42	4.991860826863501	4.992153543983177	4.991607666819607	4.99157417872941	4.992098799001293	4.991756987986097	8.727126242335732	6.613227040133876	-0.7059697926044464	-0.7061334107017517	-0.7064197703313828	-0.7064197703313828	-0.7058879649162293	-0.7065220456218719	23.00481514831543	22.6345194720459	
2018/08/27	14:16:43	4.991816549154709	4.992099179489111	4.991532034188433	4.991556867238316	4.992041209879935	4.99168146550751	8.726745500533934	6.613091667064336	-0.7058754204893112	-0.706151546998024	-0.7066526530504227	-0.7066322054481506	-0.705865187368393	-0.7067446952199936	23.005218359375	22.63477953125	
2018/08/27	14:16:44	4.991731841470115	4.992033699389211	4.99148737170201	4.991456340324353	4.991986070412635	4.991639370927904	8.727200515767183	6.613513421562922	-0.7060990952634811	-0.7065490729904176	-0.7067536049318314	-0.7068865609455108	-0.7062320512771607	-0.7069683699941636	23.005628728027347	22.634853493041994	
2018/08/27	14:16:45	4.99172433756998	4.992013987067599	4.991441535243714	4.991438611462379	4.991943580928622	4.991566422876257	8.727332539879072	6.613444056797928	-0.7061953872537613	-0.7064203854370117	-0.7069317432498932	-0.7070544661426544	-0.7061340258073807	-0.7071055944681168	23.006253824462892	22.635230459594727	
2018/08/27	14:16:46	4.991702991052057	4.991992863630124	4.991441162746066	4.99142955134934	4.991946259578074	4.991608252336383	8.727667779195158	6.613790824261149	-0.7060914344024658	-0.7067050488662721	-0.7068789000844955	-0.7068993476867675	-0.7060607536792756	-0.706909580807686	23.006778714599612	22.635192285766603	
2018/08/27	14:16:47	4.991680202288758	4.9919986657076185	4.991450979764344	4.991416961350335	4.991946290732299	4.991600893064804	8.726432105922216	6.613595970619259	-0.7058747308254243	-0.7063247271919251	-0.7064474500846862	-0.7066315344238281	-0.7058236024999619	-0.7066417489051819	23.006494796752932	22.635507219848634	
2018/08/27	14:16:48	4.991798500915078	4.992096732384412	4.9915577675399145	4.99154939405792	4.9920650752677895	4.991705776007089	8.726882082484128	6.613830489380216	-0.7056933305835724	-0.7059694570922852	-0.7061637745523452	-0.7061944552755356	-0.7054581179189683	-0.7064705817842484	23.006898007812502	22.63561935546875	
2018/08/27	14:16:48	4.9916751927093514	4.991959717274271	4.991382272221971	4.991401861581736	4.991924852223302	4.991538727836572	8.72634311498458	6.613634234887057	-0.7061335970973969	-0.7063994904851914	-0.7066858501148224	-0.7066858501148224	-0.7058370043468476	-0.7069312959003449	23.007253501586916	22.63607744140625	
2018/08/27	14:16:49	4.991684320431094	4.991952770237684	4.991413018545652	4.991403041712915	4.99192170277961	4.991549978880217	8.726784753519603	6.613884694567007	-0.7060719746971131	-0.7065117379426956	-0.7065321855449677	-0.706736736125946	-0.7058367620325089	-0.7068799066209793	23.00781656555176	22.636149017333985	
2018/08/27	14:16:50	4.99167728955535	4.9919789797998515	4.991454418257805	4.991411545315027	4.991944816565698	4.991580715880009	8.726971815795185	6.614301150532196	-0.7058665107774735	-0.7059687860679627	-0.7064699107599259	-0.7065005914831162	-0.705621064991951	-0.7064494445180893	23.00850130859375	22.636867162475586	
2018/08/27	14:16:51	4.991646168337359	4.991923883309345	4.991368355430373	4.991381141412376	4.991886123784021	4.991537058217657	8.72594352092957	6.613923795468166	-0.7055403183984756	-0.7059596154022216	-0.7062664226341248	-0.7064198262500763	-0.7054584907102586	-0.7064300593709946	23.008625373535157	22.637592465209963	
2018/08/27	14:16:52	4.991700597670605	4.991978674917518	4.991410102652864	4.991435673016995	4.991960959125863	4.991576621226431	8.72776320510309	6.614719533090659	-0.7056624821043015	-0.7061738212776184	-0.7062965441703797	-0.7065215423536301	-0.7057647387552262	-0.7067669881391525	23.00929818725586	22.638305838623047	
2018/08/27	14:16:53	4.991648907682896	4.991958905758628	4.991391483102879	4.991380417863025	4.991902084199453	4.991536334781044	8.726419304160634	6.614423797954704	-0.7054376516771317	-0.7058569673204422	-0.7060205854177475	-0.7062149028778076	-0.7052638004589081	-0.7062251359987259	23.009608349609376	22.639157592163087	
2018/08/27	14:16:54	4.9917753731317696	4.992054809405887	4.9915259119493	4.99148628299027	4.992008711170611	4.9916492214831845	8.725724442087696	6.614299642388559	-0.7049877485084535	-0.7055706822490693	-0.7056729575395584	-0.7057240858650208	-0.7050900237989426	-0.7057343189859391	23.010073593139648	22.63961329223633	
2018/08/27	14:16:55	4.991554915558525	4.991829633018316	4.991257411173323	4.9912651785694715	4.991775650377879	4.991434987012714	8.725868955595864	6.614365408928476	-0.7067508462762833	-0.7069247161340714	-0.707272437210083	-0.7075076498746873	-0.7065360812139512	-0.7075383305978775	23.010522135620118	22.640119095458985	
2018/08/27	14:16:56	4.9915746307298265	4.991891238389059	4.9913286973534925	4.991293700546758	4.991843934046821	4.991475412237271	8.726041210306802	6.614721540380053	-0.7050376279830932	-0.7055898810005188	-0.7056819231700897	-0.7062239617061615	-0.7053444352149963	-0.7061012388134003	23.010834683837892	22.6407346484375	
2018/08/27	14:16:57	4.991608192958719	4.9919026649455445	4.9913471431336465	4.991332958469737	4.99182882963136	4.991467260524472	8.725430580451945	6.614631230242231	-0.7048224342107773	-0.7052826450586319	-0.7055996667718887	-0.7058042173528671	-0.7048837956571579	-0.7058553456783294	23.01129276977539	22.64133588623047	
2018/08/27	14:16:58	4.991589383967548	4.99188127660489	4.991332479298077	4.991330566286378	4.991836457808894	4.991487342385105	8.725214738513989	6.614688577586911	-0.7053561595010758	-0.7056731998538971	-0.7058266034698486	-0.7059595594835282	-0.7052334366083146	-0.7058777504348754	23.011648263549805	22.641779656982422	
2018/08/27	14:16:59	4.991616763581207	4.99190610702867	4.991331103159616	4.991345380149907	4.991855459758777	4.991505347853781	8.724569853632453	6.614708859321656	-0.7052011342430116	-0.7056817926931381	-0.7057840679836274	-0.7057636017417908	-0.7050579637479782	-0.7060295137691498	23.012194626464844	22.64263618225098	
2018/08/27	14:17:00	4.991589376764931	4.991875094804025	4.99135131921372	4.991311521646203	4.991836852147163	4.99147931580714	8.724456504648106	6.61467449502447	-0.704781893157959	-0.7051193811130524	-0.7052727847290039	-0.705620487165451	-0.7044648528051376	-0.7053955076217652	23.012180311279298	22.643029849853516	
2018/08/27	14:17:01	4.991574165708358	4.991898129574769	4.991304072465785	4.9913102557279805	4.99182076722747	4.99148605850547	8.726610178978307	6.615451690072868	-0.7058852249002456	-0.7064579255199432	-0.7064783731222153	-0.7068567749214172	-0.705936353225708	-0.706846541800499	23.013110798339845	22.644003282470702	
2018/08/27	14:17:01	4.991581582755503	4.991870552198833	4.9913150149479435	4.9913031971207875	4.991821370494617	4.991448318386282	8.724981941307254	6.614924319667037	-0.7046483220386506	-0.7050267238378525	-0.7053539786720275	-0.7053335310697556	-0.7045255991458893	-0.7054869346857071	23.013430504150392	22.644342075195315	
2018/08/27	14:17:02	4.991577602942635	4.991859516446004	4.991314021122928	4.99130630755063	4.991806847671532	4.991462564875246	8.724402969223082	6.614819939109043	-0.7047691809749603	-0.7052191587018967	-0.7054339237642289	-0.7053930285596848	-0.7046055628776551	-0.7054543900060655	23.014062758178714	22.644730971069336	
2018/08/27	14:17:03	4.991552871745536	4.991836001287223	4.991289222343298	4.9912594810092035	4.99177442417776	4.991423783484099	8.724906215504515	6.615110987259312	-0.7049488290977478	-0.7054601869106293	-0.7056135905265808	-0.7058590363121033	-0.7049795098209382	-0.7057976748657226	23.01454470275879	22.64570917541504	
2018/08/27	14:17:04	4.991536979699166	4.991849688760703	4.991306969043446	4.991265222048007	4.9917809457485705	4.9914339743221054	8.72465284058847	6.615157784591318	-0.7046493844938279	-0.7052936796808242	-0.7054061694526672	-0.70548797850132	-0.7045368760824204	-0.7055186592245102	23.014504143066407	22.645966848754885	
2018/08/27	14:17:05	4.991543847252397	4.99184510842076	4.991296498044739	4.991237342501729	4.991770031234287	4.991425499888144	8.72434639555797	6.615140863261821	-0.7044569496297837	-0.7051012448167802	-0.7053262430000306	-0.7055103273391724	-0.7046308008480072	-0.7054080520486832	23.01510060913086	22.646439249877933	
2018/08/27	14:17:06	4.991730882549371	4.992020618945169	4.991464606287962	4.991459717213621	4.991961309347342	4.991596274731569	8.72448553862664	6.615126293112339	-0.702603189020157	-0.7028486348056793	-0.7032781649303437	-0.7034315685462952	-0.7024600185251236	-0.7033190787744522	23.01582352600098	22.64759400817871	
2018/08/27	14:17:07	4.991636923767166	4.9919446267816046	4.991378100345686	4.99136299237934	4.991897122774686	4.991529923104554	8.724484293641721	6.615380454566816	-0.7040360123443603	-0.7043939479017258	-0.704516670794487	-0.7047519020986557	-0.704097373790741	-0.7049359864377975	23.016241052246095	22.647653654785156	
2018/08/27	14:17:08	4.991478941522032	4.991772871122777	4.99124733587175	4.991208142111018	4.991704579236014	4.991376527086066	8.724101511701832	6.615307787844444	-0.7043142637634278	-0.7046517517185211	-0.7049483444690705	-0.7048665167808532	-0.7040176896524429	-0.7050608342409135	23.017114278564453	22.648390886840822	
2018/08/27	14:17:09	4.991503533503333	4.991815802243574	4.991263548774235	4.991248910432977	4.991749944546129	4.991406959635388	8.725211911381411	6.615915133298172	-0.704241550822258	-0.7047631231164933	-0.7048449321651459	-0.7052437815666199	-0.7045585911750794	-0.7054892273521424	23.01695442565918	22.6484147454834	
2018/08/27	14:17:10	4.9914270526982945	4.9917115896044395	4.991167094012296	4.991147445744557	4.991680673017021	4.991304488715222	8.722780020559124	6.61527244040382	-0.7040281650876999	-0.704375867524147	-0.7046417795515061	-0.7048054162883759	-0.7040179319667816	-0.7046724602746963	23.017889684448242	22.64904461364746	
2018/08/27	14:17:11	4.99149293387938	4.991806598804458	4.991251610283451	4.991233123942708	4.991745139367979	4.991381063137149	8.722842540130577	6.615412268326058	-0.7042399291801453	-0.7045569695329666	-0.7047615014743804	-0.7049455858135223	-0.7041069918060303	-0.7049558189344407	23.018097254638672	22.649182993774414	
2018/08/27	14:17:12	4.991478951933449	4.991796089275713	4.991222115136181	4.9912064701590655	4.991709359900027	4.991342790707532	8.722198419280236	6.615275194948582	-0.7043242918491364	-0.7044368002605439	-0.7048970111083985	-0.7049992863988876	-0.7042118020772934	-0.7049379249525071	23.018550568847658	22.64998225830078	
2018/08/27	14:17:12	4.991694280046777	4.991967791071872	4.991401802183614	4.991422057713261	4.991897701974241	4.9915673673893775	8.723354366373473	6.615689705107413	-0.7025021066617966	-0.7028907229423523	-0.7028498277378082	-0.7030441451978684	-0.7023793837690353	-0.7030339120769501	23.019075458984375	22.650118252563477	
2018/08/27	14:17:13	4.991613202569031	4.991894046124771	4.991354862955902	4.991320480862263	4.991855858086629	4.9914956391619505	8.723415961412288	6.615818198157659	-0.7037207241106034	-0.7041502542352677	-0.7043650192975999	-0.7044570614671708	-0.7035161735296249	-0.704579784359932	23.019220996704103	22.650652686157226	
2018/08/27	14:17:14	4.991468782228065	4.991787596741111	4.991225953476584	4.991195606839405	4.991706203096456	4.991338623695797	8.722668736347886	6.615886886092012	-0.7038415084886551	-0.7041483157205581	-0.7042403578901291	-0.7046289741706848	-0.7036471910285951	-0.7043835283851624	23.019795989990236	22.651137016601563	
2018/08/27	14:17:15	4.99150561911856	4.99179997956056	4.991217300118692	4.9912373030789325	4.991732448263011	4.991389358211949	8.724700019151674	6.616563261400707	-0.7040042318868638	-0.704147402381897	-0.7044951048183441	-0.7046485084342957	-0.703748552980423	-0.7046485084342957	23.020091837158205	22.65139468994141	
2018/08/27	14:17:16	4.991463452551987	4.991786356965538	4.991222698581879	4.991167806284335	4.9917235368760435	4.991363119921516	8.723937402235928	6.61673526155173	-0.7040678859996796	-0.704354226989746	-0.704783775753975	-0.7050087552976608	-0.7041190143251419	-0.7051314781904221	23.0206405859375	22.651428092041016	
2018/08/27	14:17:17	4.991448382314184	4.991731767047193	4.991170448060571	4.9911397623183245	4.991646676443232	4.991285101691486	8.71837586225121	6.615235235599537	-0.7039343707990646	-0.7042411780309678	-0.7044559430933	-0.7047525358438492	-0.7035559876394273	-0.704537770781517	23.020986536254885	22.652038873291016	
2018/08/27	14:17:18	4.9914370918922275	4.991717442850775	4.991168753441701	4.991173981431548	4.99167959783218	4.9913025515941865	8.723616026348516	6.616462385011504	-0.7036882912683486	-0.7040257792234421	-0.7042814581298829	-0.7043939479017258	-0.7034633117246628	-0.7044859900712968	23.02127283996582	22.65246117126465	
2018/08/27	14:17:19	4.991450166209191	4.991736242130812	4.9911663239892	4.991152632569351	4.991674819880043	4.991316842615242	8.722304798426334	6.616492060973261	-0.70361496322155	-0.703788833079338	-0.7042388108062745	-0.7043104053735734	-0.7033388367128373	-0.7041467686367036	23.021792958374025	22.65290017028809	
2018/08/27	14:17:20	4.991443919222611	4.991731644583531	4.991151889745308	4.991140887970612	4.991661157520336	4.991276450158485	8.720530066130094	6.6160298311172205	-0.7027037867498398	-0.7033787626600265	-0.7033787626600265	-0.7036344229269028	-0.7027037867498398	-0.7036139753246308	23.022625625	22.653241348876954	
2018/08/27	14:17:21	4.9915889188740055	4.991882469287031	4.99130380933725	4.991317030050332	4.991799979165791	4.991463352290926	8.721129899407401	6.6166783299300125	-0.7036481416463852	-0.7041492476987838	-0.7044151597261429	-0.7043946934843064	-0.7036481416463852	-0.7046094585466385	23.023071781616213	22.65359207092285	
2018/08/27	14:17:22	4.991441120232095	4.991721581516678	4.991181608360384	4.991129552307211	4.991677316599408	4.9913295536167785	8.72359946961046	6.617274837158693	-0.7034398817920685	-0.7038080318307877	-0.7038591787958146	-0.7040023492908478	-0.7031944360065461	-0.704258009557724	23.023637231445313	22.654000053710938	
2018/08/27	14:17:23	4.991388967231423	4.9916692005502314	4.9911261997014185	4.9911386036190795	4.991669360008282	4.9913055042766095	8.723142414590734	6.617084345449925	-0.7032596372032166	-0.7035766775560379	-0.7039959931993485	-0.7040778022480012	-0.7031675950336457	-0.7040880353689194	23.02448182739258	22.65487089416504	
2018/08/27	14:17:24	4.991338963672975	4.991607892724289	4.991064433538241	4.991052663978761	4.991574885808567	4.991201472121847	8.720734486283893	6.616543877583562	-0.7025952485656739	-0.7029736503648758	-0.7032804575967788	-0.7033213714408875	-0.7025952485656739	-0.7034645419359207	23.0251140814209	22.655357610473633	
2018/08/27	14:17:24	4.991303962110281	4.991608757921361	4.991028011967524	4.991031579883591	4.991524952489356	4.991157976338112	8.719059315698608	6.616241957910967	-0.7033615397024156	-0.7035763047647476	-0.7033308589792252	-0.703913792719841	-0.702942224059105	-0.7038728788757325	23.024811076660157	22.65520968688965	
2018/08/27	14:17:25	4.991512210296344	4.99183997868455	4.9912674451463435	4.991246887782281	4.991757773944404	4.99144132022841	8.721199756780187	6.6168820111326285	-0.7024918735408783	-0.7029725506305695	-0.7029009560632706	-0.7030850404024125	-0.7022362132740021	-0.7033202717065812	23.025631813964846	22.65607098388672	
2018/08/27	14:17:26	4.991536224916835	4.991850507724546	4.991285430130853	4.991272964111659	4.9918016136824965	4.991409676988357	8.721291387997876	6.617494326248659	-0.702769808087349	-0.7029436593055725	-0.7032300189352036	-0.7036493159389496	-0.7028413840150833	-0.7034447839975357	23.025925275268555	22.656576787109376	
2018/08/27	14:17:27	4.991482880068505	4.991599916414912	4.991048667371059	4.991023127359213	4.991534419422578	4.99117563863989	8.720696531418143	6.617367286621849	-0.70239071662426	-0.7043141332864762	-0.704477770023346	-0.7050913844871521	-0.7038641369199753	-0.7047538965320588	23.026328486328126	22.656948981933596	
2018/08/27	14:17:28	4.991375466266752	4.991642894189866	4.991110377476062	4.9910877009000725	4.991627894594029	4.991238202023274	8.720964397421422	6.6176173870693304	-0.7029229507493973	-0.7034649892854691	-0.7035979452991485	-0.7038024772405624	-0.7031888627767563	-0.7038536055660248	23.026600474853517	22.657550219726563	
2018/08/27	14:17:29	4.991359162251234	4.991648302020313	4.991086494165918	4.991070165640757	4.991602444756438	4.991232295104566	8.720996230160768	6.617677719581834	-0.7027878325462342	-0.7032889572381973	-0.7033912138891221	-0.7036264451932908	-0.7028082801485063	-0.7037184873628617	23.026963126220704	22.657638496704102	
2018/08/27	14:17:30	4.9913416643815385	4.991617113259383	4.991066964480274	4.99104295046387	4.99157389011266	4.991289052323231	8.720244751006106	6.6177382315273015	-0.7030565964269638	-0.7035168072748185	-0.703690658493042	-0.7041304217386246	-0.7028827265691757	-0.7040996664571763	23.027211256103516	22.658170544433595	
2018/08/27	14:17:31	4.9914090406410585	4.991701192488381	4.991147565372093	4.991134140899902	4.991629790397458	4.991275289530059	8.720559429219138	6.617745725019056	-0.7027675154209136	-0.7032174931478501	-0.7032481738710403	-0.7037186178398133	-0.702890238313675	-0.7034936196565629	23.02755482055664	22.65873360839844	
2018/08/27	14:17:32	4.99136543210551	4.9916513489453775	4.99108585065654	4.991073999153434	4.991602265711871	4.991244911499464	8.721317034630616	6.617959401042765	-0.7027482980298996	-0.7029017016458512	-0.7031471474313736	-0.7034744022655488	-0.7023903624725343	-0.7033925932168961	23.027888841552734	22.659084330444337	
2018/08/27	14:17:33	4.991317175222932	4.991567319353724	4.991094630486009	4.991076122310159	4.991604277947258	4.991263802054322	8.720855978917362	6.617902021795179	-0.7017542314147949	-0.7008654783391952	-0.7007938837718963	-0.7009984343528748	-0.7005177572631835	-0.7009575205087661	23.027886455688478	22.6591034173584	
2018/08/27	14:17:34	4.991462520332612	4.991736317593036	4.991181541419064	4.991173347904444	4.99167459246529	4.991304932030129	8.718851687752611	6.617936263750306	-0.7021470602369309	-0.702382272901535	-0.7026788656520844	-0.702832269268036	-0.7018402530050278	-0.7028936307144165	23.028487693481445	22.659752372436525	
2018/08/27	14:17:35	4.991251708965411	4.99153697257455	4.9909906823227965	4.9909509703475115	4.991492423679298	4.9911237584278725	8.718692150952112	6.617772687615976	-0.7023688337755203	-0.7026756410074234	-0.7027881307792664	-0.703227894024849	-0.7022563440036773	-0.7029926813602447	23.028683334350585	22.660014817504884	
2018/08/27	14:17:36	4.991290847314153	4.991569508328111	4.991000659241072	4.991025814334759	4.99152074039621	4.9911703869821995	8.71891853311931	6.618219771271891	-0.7019889594507218	-0.7024900655031204	-0.7027048305654526	-0.7028787004232406	-0.7020605540180207	-0.7029809570741654	23.02916050720215	22.660472903442383	
2018/08/27	14:17:37	4.991274744542214	4.991576998089767	4.991020373611508	4.990979932689811	4.991504325664801	4.991156381497729	8.720317153979678	6.6188717370139045	-0.7020730052471161	-0.7024718546485902	-0.7025945775413514	-0.7028093426036834	-0.7020525390052796	-0.7027581956386566	23.030317651367188	22.66148212402344	
